# RA, Dec, R, G, B, relative apparent brightness, Vmag, BV, parallax
2.09691071, 29.09043199, 0.5989361121149748, 0.6841866664500202, 0.9999999999999998, 37.32501577957206, 2.07, -0.038, 33.6
2.29452113, 59.1497796, 0.902814127170999, 0.8972416678700439, 1.0, 30.76096814740708, 2.28, 0.38, 59.89
2.35267495, -45.74742618, 1.0, 0.8073638027016472, 0.6019045810822132, 7.046930689671471, 3.88, 1.013, 23.28
3.30897012, 15.1835959, 0.55, 0.647, 1.0, 18.535316234148116, 2.83, -0.19, 9.79
4.8569773, -8.82392145, 0.9999999999999996, 0.7556446425521406, 0.4974526769718735, 9.462371613657929, 3.56, 1.214, 11.26
6.43780017, -77.25424559, 0.9999999180023682, 0.9188356729031146, 0.8795509474246536, 18.706821403658008, 2.82, 0.618, 133.78
6.55084089, -43.67982953, 0.7383615187917784, 0.7864607296353447, 0.9999999996568484, 6.729766562843177, 3.93, 0.175, 42.51
6.57104571, -42.30598151, 1.0, 0.7882206139970908, 0.5634585348826869, 27.542287033381662, 2.4, 1.083, 42.14
9.24285251, 53.89690937, 0.55, 0.647, 1.0, 8.394599865193975, 3.69, -0.196, 5.46
9.83198236, 30.86102393, 1.0, 0.7423486601510569, 0.4731414622790727, 12.359474334445107, 3.27, 1.268, 32.19
10.12683548, 56.53733109, 1.0, 0.7662702159737664, 0.5191473031300224, 31.915378551007617, 2.24, 1.17, 14.27
10.8973794, -17.9866046, 0.999999999999987, 0.8057167126318809, 0.5984043906085594, 38.37072454922788, 2.04, 1.019, 34.04
12.27621323, 57.81518734, 0.9999964047505815, 0.9285497241556991, 0.9061506753748255, 10.375284158180126, 3.46, 0.587, 167.99
14.17721554, 60.71674038, 0.5944519274979687, 0.6808061698002263, 0.9999999999999997, 34.673685045253166, 2.15, -0.046, 5.32
14.18838148, 38.49934462, 0.7068560459005304, 0.7639016205659138, 0.9999999999653715, 7.177942912713619, 3.86, 0.13, 23.93
16.5210284, -46.71841361, 0.9999999999861902, 0.8417871939608073, 0.6809648377508352, 11.803206356517299, 3.32, 0.885, 16.46
17.09617396, -55.24576016, 0.5528958079557048, 0.6489892584620777, 1.0, 6.668067692136222, 3.94, -0.12, 11.66
17.1474649, -10.18226422, 1.0, 0.7684261920238887, 0.5237096168014348, 10.375284158180126, 3.46, 1.161, 27.73
17.43301493, 35.6205577, 0.9999999999999998, 0.6724005992119544, 0.35397597040620654, 37.32501577957206, 2.07, 1.576, 16.36
21.00585424, -8.18325655, 1.0, 0.7930235937098474, 0.5730650655764118, 9.120108393559097, 3.6, 1.065, 28.48
21.45396795, 60.23528317, 0.7274945370218682, 0.778656215935444, 1.0, 21.67704104819694, 2.66, 0.16, 32.81
22.09136277, -43.31823391, 0.9999999999999998, 0.6797499069734776, 0.3654821780059311, 10.864256236170656, 3.41, 1.542, 13.94
22.81293588, -49.07270222, 0.9999999999997307, 0.8181094758319079, 0.626695713589607, 6.729766562843177, 3.93, 0.972, 22.15
22.87087261, 15.34582301, 0.9999999999998599, 0.8176126543571204, 0.625485733326813, 8.953647655495937, 3.62, 0.974, 11.09
24.42852736, -57.23675749, 0.55, 0.647, 1.0, 165.95869074375597, 0.45, -0.158, 22.68
24.49815046, 48.62821317, 1.0, 0.7406972289365669, 0.4700904019566733, 9.204495717531715, 3.59, 1.275, 18.76
26.01701214, -15.93748006, 1.0, 0.8868854837705803, 0.7915308642752593, 10.092528860766844, 3.49, 0.727, 274.17
27.86513997, -10.33503772, 0.9999999999999946, 0.7745703293486257, 0.5362835270252432, 8.01678063387679, 3.74, 1.136, 12.59
28.27044954, 29.57882927, 0.9976211594497822, 0.9576640382307847, 0.9955652340241736, 10.76465213629835, 3.42, 0.488, 50.87
28.38255961, 19.29385177, 0.5938935553023165, 0.6803919682559357, 0.9999999999999998, 7.046930689671471, 3.88, -0.047, 15.96
28.59885632, 63.67010151, 0.55, 0.647, 1.0, 11.481536214968829, 3.35, -0.15, 7.38
28.66003816, 20.80803505, 0.7311340721820649, 0.7812254162082115, 1.0, 22.080047330188993, 2.64, 0.165, 54.74
28.98946829, -51.60889586, 1.0, 0.8532254135744141, 0.7078122908010812, 8.394599865193975, 3.69, 0.844, 57.19
29.69247303, -61.5698591, 0.8264081548169433, 0.8471725574089136, 0.9999998678108695, 18.03017740859569, 2.86, 0.29, 45.74
30.00128317, -21.07783155, 0.9999999999999998, 0.6771206300165293, 0.36132106269287273, 6.367955209079157, 3.99, 1.554, 10.84
30.5117503, 2.76375946, 0.6370512007498323, 0.7124640171638197, 0.9999999999999818, 7.447319739059893, 3.82, 0.024, 23.45
30.85877233, 72.42129433, 0.6203596068031649, 0.7007099427758605, 1.0, 6.606934480075959, 3.95, -0.002, 20.12
30.97480447, 42.32972473, 0.9999999999999999, 0.7180187334416845, 0.4290327689782722, 36.30780547701014, 2.1, 1.37, 9.19
31.79336293, 23.46242313, 0.9999999999999989, 0.7708525204438527, 0.5287604939805054, 39.44573020752785, 2.01, 1.151, 49.48
32.38594522, 34.98729693, 0.7134690227462827, 0.7687597930359408, 0.9999999999366487, 15.848931924611133, 3.0, 0.14, 26.24
34.12743894, -51.51216468, 0.5528958079557048, 0.6489892584620777, 1.0, 9.462371613657929, 3.56, -0.12, 21.06
37.95451535, 89.26410951, 0.9999995749855133, 0.9133812986133635, 0.8646955652627735, 40.926065973001094, 1.97, 0.636, 7.56
40.8251625, 3.23581853, 0.6810372354160135, 0.7456451962243967, 0.9999999999954685, 10.280162981264736, 3.47, 0.093, 39.78
42.49596812, 27.26050706, 0.5638839517152688, 0.657685247368433, 0.9999999999999998, 9.036494737223016, 3.61, -0.1, 20.45
42.67420868, 55.89549611, 0.9999999999999999, 0.6487147931454066, 0.31770287761608573, 7.7983011052325875, 3.77, 1.69, 2.45
43.56441901, 52.7624789, 0.9999999993003227, 0.8780357100901875, 0.7684241799755078, 6.729766562843177, 3.93, 0.758, 13.15
44.10687368, -8.89814446, 1.0, 0.7869054755731487, 0.5608163630412618, 6.982324040771713, 3.89, 1.088, 24.49
44.56531119, -40.30467242, 0.7055295024171377, 0.7629087876915535, 0.9999999999782011, 17.701089583174213, 2.88, 0.128, 20.22
45.56988401, 4.08973396, 1.0, 0.6612033091045744, 0.33685710189572704, 24.210290467361776, 2.54, 1.63, 14.82
46.19912802, 53.50644013, 1.0, 0.8897590245553039, 0.7999516323182866, 17.218685749860068, 2.91, 0.716, 12.72
46.29413912, 38.84027386, 0.9999999999999998, 0.6828470095066588, 0.370433423661524, 11.803206356517299, 3.32, 1.528, 10.03
47.04221485, 40.9556477, 0.619755894198011, 0.7002781646158363, 1.0, 36.643757464783334, 2.09, -0.003, 35.14
47.37404785, 44.8575437, 1.0, 0.8161038544840915, 0.6218418396198859, 7.655966069112563, 3.79, 0.98, 29.05
48.01886556, -28.98761809, 0.9999998181291904, 0.942006146546027, 0.9460177832460482, 7.58577575029184, 3.8, 0.543, 70.86
49.87917471, -21.75786384, 0.9999999999999998, 0.6644959012661715, 0.3419018799278853, 8.317637711026709, 3.7, 1.614, 12.63
51.08070979, 49.86117959, 0.9943256683326878, 0.9566605793623648, 0.9986701638955955, 48.30588020397726, 1.79, 0.481, 5.51
51.20330738, 9.02886984, 0.9999999999881546, 0.8412429949353892, 0.6796452756993764, 9.036494737223016, 3.61, 0.887, 15.42
51.79230269, 9.73267975, 0.574291303692711, 0.6649485890422305, 0.9999999999999998, 8.090958991783824, 3.73, -0.082, 14.68
53.23268409, -9.45826215, 0.9999999999830121, 0.8428701673488014, 0.6836076945030446, 8.165823713585922, 3.72, 0.881, 310.75
55.73126161, 47.78755139, 0.55, 0.647, 1.0, 15.70362804333553, 3.01, -0.125, 6.18
55.81209088, -9.76339465, 1.0, 0.8332256922032046, 0.6615164870563813, 9.817479430199844, 3.52, 0.915, 110.58
56.0499063, -64.80690264, 0.9999999999999941, 0.7753240147351322, 0.5377860711036662, 7.311390834834176, 3.84, 1.133, 32.71
56.07971679, 32.28824817, 0.6357519646722599, 0.7114792870656061, 0.9999999999999766, 7.311390834834176, 3.84, 0.022, 2.21
56.2189055, 24.11333922, 0.5612376111617554, 0.6555544119753435, 0.9999999999999999, 8.165823713585922, 3.72, -0.105, 8.8
56.29846606, 42.57854862, 0.9429587566698645, 0.9240063563568824, 1.0, 7.7983011052325875, 3.77, 0.425, 5.86
56.45669431, 24.36774851, 0.5845379896351192, 0.6734351970329464, 1.0, 7.11213513653329, 3.87, -0.063, 9.06
56.80975497, -74.23896234, 0.9999999999999998, 0.6694627589052907, 0.3494738345445758, 12.473835142429433, 3.26, 1.59, 15.23
56.87115217, 24.10513715, 0.5720491898863869, 0.6633864398644201, 1.0, 18.197008586099834, 2.85, -0.086, 8.87
57.29059399, 24.05341547, 0.5806929886582595, 0.6701663501512333, 1.0, 8.953647655495937, 3.62, -0.07, 8.57
58.53300625, 31.88363552, 0.8107874654803422, 0.8368135279956114, 1.0, 18.365383433483466, 2.84, 0.271, 3.32
59.4634614, 40.01021467, 0.55, 0.647, 1.0, 17.378008287493753, 2.9, -0.199, 6.06
59.50735988, -13.50851533, 0.9999999999999999, 0.6698800528717359, 0.35011127321702934, 16.29296032639722, 2.97, 1.588, 14.75
59.74125467, 35.7910326, 0.6318108232975714, 0.7086332240621575, 0.9999999999999829, 6.4268771731701975, 3.98, 0.016, 1.84
60.17006562, 12.49034659, 0.5644466839058004, 0.6581089910554506, 0.9999999999999998, 10.864256236170656, 3.41, -0.099, 8.81
60.78908352, 5.98930513, 0.6421042363418706, 0.7165926536361529, 1.0, 6.854882264526615, 3.91, 0.032, 25.24
62.1653782, 47.71251275, 0.6068024875078482, 0.6902703207034071, 1.0, 6.546361740672751, 3.96, -0.025, 5.89
63.50047645, -42.29436792, 1.0, 0.7876936951572916, 0.5623999894608696, 7.244359600749901, 3.85, 1.085, 27.85
63.60618205, -62.47385803, 1.0, 0.8332256922032046, 0.6615164870563813, 11.694993910198711, 3.33, 0.915, 19.98
64.47359293, -33.79834786, 0.5597284234783514, 0.654266391804479, 0.9999999999999999, 9.549925860214362, 3.55, -0.108, 18.27
64.94834891, 15.62764232, 1.0, 0.8158495059418054, 0.6212327269340551, 8.709635899560807, 3.65, 0.981, 21.17
65.73372189, 17.5425142, 1.0, 0.8153384387057749, 0.6200135308391034, 7.7983011052325875, 3.77, 0.983, 21.29
66.00923865, -34.01684639, 1.0, 0.6960128758427577, 0.3917944325666107, 6.486344335482383, 3.97, 1.468, 11.95
67.14373289, 15.96218073, 0.9999999999986573, 0.823040201661136, 0.6387369309121372, 7.311390834834176, 3.84, 0.952, 20.66
67.15416474, 19.18043155, 1.0, 0.8070901843080477, 0.6013169487630536, 9.727472237769653, 3.53, 1.014, 21.04
67.16558676, 15.87088266, 0.7412261977059921, 0.7885746081741677, 0.9999999993456885, 10.964781961431852, 3.4, 0.179, 21.89
68.49907315, -55.04497465, 0.575928959400316, 0.6661595583890447, 0.9999999999999998, 12.02264434617413, 3.3, -0.079, 18.56
68.88766065, -30.56234148, 0.999999999998772, 0.8217993092608783, 0.6357283981172739, 7.516228940182055, 3.81, 0.957, 15.62
68.9801611, 16.50930139, 1.0, 0.680632348517388, 0.36688799102843744, 112.71974561755106, 0.87, 1.538, 50.09
69.07975664, -3.35245903, 0.55, 0.647, 1.0, 6.729766562843177, 3.93, -0.21, 5.56
69.54510028, -14.30401978, 1.0, 0.7884845240293719, 0.5639886015488397, 7.177942912713619, 3.86, 1.082, 29.84
72.46004413, 6.96127568, 0.9959152418247508, 0.9572638315048538, 0.9975177985315877, 13.304544179780914, 3.19, 0.484, 124.6
72.80151623, 5.60510396, 0.55, 0.647, 1.0, 8.472274141405963, 3.68, -0.157, 2.59
73.56290198, 2.44067205, 0.55, 0.647, 1.0, 8.241381150130023, 3.71, -0.179, 2.43
74.24841152, 33.16609031, 0.9999999999999999, 0.6912448959047434, 0.38402262032601736, 21.086281499332898, 2.69, 1.49, 6.37
75.49222568, 43.82330836, 0.9999300237257526, 0.9439317562630355, 0.951338354613725, 15.4170045294956, 3.03, 0.537, 1.6
75.61952888, 41.07583744, 1.0, 0.7701201568426485, 0.5272491116784397, 8.394599865193975, 3.69, 1.154, 4.14
76.3652677, -22.37103258, 1.0, 0.6977392101498971, 0.3946240705471681, 13.304544179780914, 3.19, 1.46, 14.39
76.62871992, 41.23447447, 0.55, 0.647, 1.0, 13.427649611378635, 3.18, -0.148, 14.87
76.96243797, -5.08644618, 0.7282217468698808, 0.779167210847949, 1.0, 19.408858775927783, 2.78, 0.161, 36.71
78.23292017, -16.20546821, 0.5587129028739252, 0.6534021911654269, 1.0, 12.133888504649775, 3.29, -0.11, 17.69
78.63446812, -8.20164055, 0.6037229368664943, 0.6878695820585299, 1.0, 212.81390459827134, 0.18, -0.03, 4.22
79.1723294, 45.99799111, 0.9999999999401202, 0.8666049449911778, 0.7420018925621773, 233.3458062281002, 0.08, 0.795, 77.29
79.40162477, -6.84440942, 0.5559836674530505, 0.6512163526920672, 0.9999999999999998, 9.204495717531715, 3.59, -0.115, 5.88
81.11923643, -2.39714624, 0.55, 0.647, 1.0, 11.481536214968829, 3.35, -0.24, 3.62
81.28276276, 6.34970223, 0.55, 0.647, 1.0, 55.4625712957911, 1.64, -0.224, 13.42
81.57297249, 28.60745001, 0.55, 0.647, 1.0, 54.95408738576243, 1.65, -0.13, 24.89
82.06134664, -20.75944097, 0.9999999997400801, 0.863344068568148, 0.7333171029241584, 18.879913490962934, 2.81, 0.807, 20.49
82.80314914, -35.47051883, 0.9999999999999933, 0.7760807025620894, 0.5392895561854363, 7.177942912713619, 3.86, 1.13, 11.77
83.00166968, -0.29909204, 0.55, 0.647, 1.0, 31.622776601683793, 2.25, -0.175, 3.56
83.18256633, -17.82228853, 0.7649333143579459, 0.8047353792047813, 1.0, 23.33458062281002, 2.58, 0.211, 2.54
83.40632371, -62.48982532, 0.9999997973832939, 0.9121990674474629, 0.8614033424107439, 7.870457896950989, 3.76, 0.64, 3.14
83.78448789, 9.93415842, 0.55, 0.647, 1.0, 11.066237839776663, 3.39, -0.16, 3.09
83.8582603, -5.90990135, 0.55, 0.647, 1.0, 19.952623149688797, 2.75, -0.21, 2.46
84.05338934, -1.20191983, 0.55, 0.647, 1.0, 52.966344389165805, 1.69, -0.184, 2.43
84.4111907, 21.14254914, 0.55, 0.647, 1.0, 16.29296032639722, 2.97, -0.148, 7.82
84.68653333, -2.60006888, 0.55, 0.647, 1.0, 7.7983011052325875, 3.77, -0.19, 2.84
84.91224946, -34.07410786, 0.5528958079557048, 0.6489892584620777, 1.0, 21.87761623949553, 2.65, -0.12, 12.16
85.18969642, -1.94257224, 0.55, 0.647, 1.0, 50.5824662003114, 1.74, -0.199, 3.99
86.11579339, -22.44838217, 0.9943256683326878, 0.9566605793623648, 0.9986701638955955, 9.204495717531715, 3.59, 0.481, 111.49
86.73891997, -14.82195004, 0.688806213767012, 0.750537886268918, 1.0, 9.549925860214362, 3.55, 0.104, 46.47
86.82119852, -51.06651408, 0.7354859214765858, 0.784353204358418, 0.9999999999578416, 7.244359600749901, 3.85, 0.171, 51.87
86.93912023, -9.66960478, 0.55, 0.647, 1.0, 37.32501577957206, 2.07, -0.168, 4.52
87.73997037, -35.76830865, 0.9999999999999976, 0.7720817925931298, 0.5312728153659926, 14.190575216890918, 3.12, 1.146, 37.94
87.83039904, -20.87908866, 1.0, 0.8150817478971674, 0.6194035800151683, 7.870457896950989, 3.76, 0.984, 29.05
87.87249592, 39.14848031, 0.9999999999999938, 0.7755759185195502, 0.5382870927914852, 6.486344335482383, 3.97, 1.132, 15.17
88.7929386, 7.40706274, 0.9999999999999999, 0.6890526957595017, 0.3804619018048004, 165.95869074375597, 0.45, 1.5, 7.63
89.10122041, -14.16770015, 0.8650864114638478, 0.8727913430274238, 1.0, 8.241381150130023, 3.71, 0.337, 66.47
89.78668859, -42.81513544, 0.9999999999999976, 0.7720817925931298, 0.5312728153659926, 6.546361740672751, 3.96, 1.146, 6.14
89.88181908, 54.28465615, 1.0, 0.8081822975476001, 0.603676757429627, 8.165823713585922, 3.72, 1.01, 23.22
89.88217889, 44.94743278, 0.670505501595611, 0.7382033750784786, 1.0, 43.65158322401658, 1.9, 0.077, 39.72
89.93028743, 37.21258518, 0.5737372140330474, 0.664554514987399, 0.9999999999999998, 21.87761623949553, 2.65, -0.083, 18.83
93.71388683, -6.27477613, 1.0, 0.7303399970660872, 0.4509717965038874, 6.367955209079157, 3.99, 1.319, 5.06
93.71940501, 22.50679887, 0.9999999999999998, 0.6673856027307121, 0.34630643345793244, 11.91242008027375, 3.31, 1.6, 9.34
95.07830229, -30.0633673, 0.55, 0.647, 1.0, 15.559656316050742, 3.02, -0.16, 9.7
95.52845101, -33.43640007, 1.0, 0.8491830910571762, 0.698727157808799, 7.244359600749901, 3.85, 0.858, 13.75
95.67493869, -17.95591772, 0.55, 0.647, 1.0, 40.55085354483837, 1.98, -0.24, 6.53
95.74011257, 22.51358585, 0.9999999999999999, 0.663055168677662, 0.3396997922002002, 17.864875748520507, 2.87, 1.621, 14.07
95.9879578, -52.69566046, 0.7304059722919074, 0.7807087714616161, 1.0, 444.6312674691088, -0.62, 0.164, 10.43
97.20445834, -7.0330625, 0.5571206974352692, 0.6520955272061681, 1.0, 7.870457896950989, 3.76, -0.113, 4.72
99.17098928, -19.2558792, 0.9999999999999053, 0.8007265072211577, 0.5882509708406838, 6.606934480075959, 3.95, 1.037, 50.41
99.42792124, 16.39925217, 0.6221928207842583, 0.7020024699189048, 1.0, 42.4619563946313, 1.93, 0.001, 31.12
99.44029726, -43.19593364, 0.5622647820244037, 0.6564087292490849, 0.9999999999999999, 13.551894123510364, 3.17, -0.103, 7.71
100.98302496, 25.13112417, 0.9999999999999999, 0.7163588399200027, 0.4261352639364546, 14.996848355023733, 3.06, 1.377, 3.61
101.28715539, -16.71611582, 0.6272372663589538, 0.7054778727676422, 1.0, 946.237161365793, -1.44, 0.009, 379.21
101.32235265, 12.89559111, 0.9594501126112182, 0.9346868442408472, 0.999854143620123, 11.481536214968829, 3.35, 0.443, 57.02
102.04771795, -61.94139161, 0.775634763099243, 0.8117978428218127, 0.9999999969543324, 12.705741052085413, 3.24, 0.225, 32.96
102.46024639, -32.5084777, 0.5553915648820166, 0.6507742432163194, 1.0, 10.0, 3.5, -0.116, 4.13
102.48403461, -50.61455978, 0.9999999999999997, 0.757375832045133, 0.5007778712385158, 16.749428760264372, 2.94, 1.207, 17.85
103.19724251, 33.96125399, 0.6873809486063511, 0.7495940666778627, 0.9999999999989146, 9.120108393559097, 3.6, 0.102, 16.59
103.53313596, -24.18421076, 1.0, 0.6380069642090951, 0.3031553021412515, 6.982324040771713, 3.89, 1.74, 1.65
104.65645182, -28.97208374, 0.55, 0.647, 1.0, 63.09573444801933, 1.5, -0.211, 7.57
105.42978223, -27.93483037, 0.9999999999999998, 0.640374488293519, 0.30618813979884546, 10.092528860766844, 3.49, 1.729, 2.68
105.75613571, -23.83329091, 0.5770010073220552, 0.6670008120154469, 1.0, 15.559656316050742, 3.02, -0.077, 1.27
107.09785107, -26.39319967, 1.0, 0.9032383417952892, 0.8356397603185325, 46.55860935229589, 1.83, 0.671, 1.82
107.18694146, -70.4989317, 1.0, 0.8092676771718991, 0.6060592578371946, 7.726805850957025, 3.78, 1.006, 23.02
109.20760182, -67.95715182, 0.9999999997390814, 0.8774189185034716, 0.7669743263216707, 6.486344335482383, 3.97, 0.76, 4.94
109.28565178, -37.09746988, 0.9999999999999999, 0.6640841158826903, 0.3412731366664709, 20.701413487910425, 2.71, 1.616, 2.98
109.52324476, 16.54038314, 0.6902328966522471, 0.7515136114381316, 1.0, 9.289663867799362, 3.58, 0.106, 34.59
110.03073983, 21.98232055, 0.897536301070165, 0.893668213591526, 0.9999986901709542, 10.0, 3.5, 0.374, 55.45
111.02376056, -29.3031036, 0.5737372140330474, 0.664554514987399, 0.9999999999999998, 26.302679918953814, 2.45, -0.083, 1.02
111.43165048, 27.7980804, 0.9999999999999382, 0.804335636035776, 0.5955359131523679, 7.726805850957025, 3.78, 1.024, 25.9
111.78767771, 8.28931548, 0.5655977999186519, 0.6589519114808837, 1.0, 17.538805018417612, 2.89, -0.097, 19.16
112.30762638, -43.30143257, 0.9999999999999999, 0.6870642422493233, 0.3772376241802533, 12.589254117941675, 3.25, 1.509, 17.74
113.64942834, 31.88827629, 0.6433402546551756, 0.7176479156440192, 1.0, 58.613816451402876, 1.58, 0.034, 63.27
114.70779243, -26.8038363, 0.55, 0.647, 1.0, 7.58577575029184, 3.8, -0.159, 7.18
114.82549301, 5.22499306, 0.9494027125261534, 0.9283091891201521, 1.0, 173.78008287493745, 0.4, 0.432, 285.93
115.31180176, -9.55113089, 0.999999999999955, 0.8048888291797739, 0.5966782391338055, 6.668067692136222, 3.94, 1.022, 22.61
115.45525487, -72.60609812, 0.9999999999999039, 0.8018382178788898, 0.5904693122204635, 6.729766562843177, 3.93, 1.033, 24.36
116.11189245, 24.3979926, 1.0, 0.8283010748095538, 0.6508966795421006, 9.375620069258805, 3.57, 0.932, 22.73
116.31373311, -37.96858397, 1.0, 0.6453168457860166, 0.31282118447167045, 8.953647655495937, 3.62, 1.706, 2.35
116.32895983, 28.02619862, 1.0, 0.8132645919326953, 0.615133418475411, 86.29785477669702, 1.16, 0.991, 96.74
117.3235632, -24.85978574, 0.9999999999999996, 0.7546490126072086, 0.4955765584187771, 11.587773561551263, 3.34, 1.218, 2.42
118.05431177, -40.57578601, 1.0, 0.807637035482427, 0.6024937962701483, 8.241381150130023, 3.71, 1.012, 9.46
119.19464272, -52.98235988, 0.55, 0.647, 1.0, 10.375284158180126, 3.46, -0.177, 8.43
120.89602782, -40.0031477, 0.55, 0.647, 1.0, 32.809529311311906, 2.21, -0.269, 2.33
121.88603686, -24.30432404, 0.9740086295804932, 0.9439954134625258, 1.0, 18.535316234148116, 2.83, 0.458, 51.99
122.383126, -47.33658771, 0.55, 0.647, 1.0, 50.11872336272722, 1.75, -0.145, 3.88
124.12883578, 9.1855447, 0.9999999999999999, 0.6932020627580129, 0.38720681419444275, 9.727472237769653, 3.53, 1.481, 11.23
125.6284816, -59.50948307, 1.0, 0.7600555972580227, 0.5061195484516912, 45.28975799036207, 1.86, 1.196, 5.16
126.41513455, -3.90642364, 0.614473924196518, 0.6963210558740953, 0.9999999999999981, 6.854882264526615, 3.91, -0.012, 26.09
126.43414409, -66.13689023, 0.9999999999999938, 0.7755759185195502, 0.5382870927914852, 7.7983011052325875, 3.77, 1.132, 30.21
127.56612488, 60.71816925, 1.0, 0.8497542241401813, 0.7000250824155693, 11.481536214968829, 3.35, 0.856, 17.76
130.02559777, -35.30835239, 1.0, 0.8271952714433738, 0.6484393145992396, 6.486344335482383, 3.97, 0.936, 8.4
130.07327243, -52.9218873, 0.55, 0.647, 1.0, 9.120108393559097, 3.6, -0.168, 6.59
130.15654138, -46.64874449, 1.0, 0.9035423817386095, 0.8364629315347177, 7.7983011052325875, 3.77, 0.67, 1.05
130.89807304, -33.18638557, 0.55, 0.647, 1.0, 8.472274141405963, 3.68, -0.18, 3.86
131.17124835, 18.15430871, 1.0, 0.7882206139970908, 0.5634585348826869, 6.668067692136222, 3.94, 1.083, 23.97
131.17594322, -54.70882109, 0.6489303077056002, 0.7222133006404983, 1.0, 42.4619563946313, 1.93, 0.043, 40.9
131.50685182, -46.04152748, 0.6311524477226098, 0.7081728550868206, 0.9999999999999857, 7.11213513653329, 3.87, 0.015, 2.1
131.6937942, 6.41880927, 0.9999999512173228, 0.8988080827734309, 0.8242787380434121, 11.168632477805613, 3.38, 0.685, 24.13
133.76178383, -60.64460928, 0.5617474038568959, 0.6559819426367238, 1.0, 7.311390834834176, 3.84, -0.104, 10.45
133.84844309, 5.94556331, 1.0, 0.8166101110905332, 0.6230587596065708, 14.321878992735439, 3.11, 0.978, 21.64
134.80189116, 48.04182647, 0.7741153464255771, 0.8107555862137503, 0.9999999988095338, 14.190575216890918, 3.12, 0.223, 68.32
135.15987807, 41.782911, 0.9791705349912283, 0.9474643259746236, 1.0, 6.546361740672751, 3.96, 0.463, 60.86
135.61164961, -66.39607654, 0.7168424019945149, 0.7711787366696204, 0.9999999999749649, 6.309573444801933, 4.0, 0.145, 26.24
135.90636137, 47.15652471, 0.6259555015725233, 0.7046002818916838, 1.0, 9.375620069258805, 3.57, 0.007, 7.71
136.03866845, -47.09773702, 1.0, 0.7653164281238356, 0.5171217645483489, 7.943282347242816, 3.75, 1.174, 10.55
136.99899358, -43.43258935, 0.9999999999999998, 0.6539595594247725, 0.32562674304193817, 32.210687912834345, 2.23, 1.665, 5.69
137.74202204, -58.96689577, 0.55, 0.647, 1.0, 10.665961212302578, 3.43, -0.19, 7.79
137.81966709, -62.31697715, 0.55, 0.647, 1.0, 6.546361740672751, 3.96, -0.18, 6.53
138.29989786, -69.71720773, 0.6662204268170715, 0.7344809097114419, 1.0, 53.95106225151276, 1.67, 0.07, 29.34
138.59107912, 2.3142803, 0.5862878779840431, 0.6748000553823671, 1.0, 6.982324040771713, 3.89, -0.06, 25.34
139.27252781, -59.27522929, 0.7484216103157498, 0.7938148363512625, 0.9999999991753189, 32.809529311311906, 2.21, 0.189, 4.71
139.71101495, 36.80259678, 0.6637681649453165, 0.7323998815954074, 1.0, 7.447319739059893, 3.82, 0.066, 26.75
140.26375544, 34.39256184, 0.9999999999999999, 0.6779935752419022, 0.3626976703255895, 13.931568029453029, 3.14, 1.55, 14.69
140.52840967, -55.01066799, 0.55, 0.647, 1.0, 25.82260190634596, 2.47, -0.141, 6.05
141.89684698, -8.65860253, 0.9999999999999999, 0.7020734531593984, 0.4017848178112139, 40.17908108489398, 1.99, 1.44, 18.4
142.67500055, -40.46676938, 0.8948728870701592, 0.8919065286888559, 0.9999980411202976, 9.120108393559097, 3.6, 0.371, 53.89
142.80549519, -57.03437682, 1.0, 0.680632348517388, 0.36688799102843744, 13.677288255958487, 3.16, 1.538, 13.72
142.88211727, 63.06186073, 0.8850494242773772, 0.8855738521338461, 0.9999976852359671, 8.709635899560807, 3.65, 0.36, 43.2
143.21430974, 51.67730022, 0.9902750784747902, 0.9545894902073235, 1.0, 13.551894123510364, 3.17, 0.475, 74.15
144.96400779, -1.14281015, 1.0, 0.7317752548217933, 0.4535887563743598, 6.918309709189366, 3.9, 1.313, 11.83
145.28763669, 9.892308, 1.0, 0.9514552209715902, 0.9709314293927462, 9.817479430199844, 3.52, 0.516, 24.12
146.31171365, -62.50790315, 1.0, 0.8081822975476001, 0.603676757429627, 8.394599865193975, 3.69, 1.01, 2.16
146.46280429, 23.77425466, 0.9999999997430421, 0.8630807714097323, 0.7325940229956407, 16.29296032639722, 2.97, 0.808, 13.01
146.77550679, -65.0720068, 0.8123855400526836, 0.8379004830911688, 1.0, 17.060823890031234, 2.92, 0.273, 2.01
147.74732429, 59.03873553, 0.8272497561695478, 0.8477193963398264, 0.9999998576382941, 7.726805850957025, 3.78, 0.291, 28.35
148.19090535, 26.00695149, 0.9999999999999994, 0.7536504329442072, 0.4937164775580542, 7.046930689671471, 3.88, 1.222, 24.52
149.21559015, -54.56779042, 0.5823038223869861, 0.6715730979689752, 1.0, 9.817479430199844, 3.52, -0.067, 1.69
151.83313456, 16.76266443, 0.6031089161250801, 0.6873938803825439, 1.0, 10.18591388054117, 3.48, -0.031, 1.53
152.0929611, 11.96720706, 0.5714776499544738, 0.6629981850757674, 0.9999999999999999, 71.77942912713615, 1.36, -0.087, 42.09
152.64698939, -12.35408295, 1.0, 0.8089970051039489, 0.6054616997936829, 9.036494737223016, 3.61, 1.007, 28.44
153.43424113, -70.03790334, 0.5785854034709969, 0.6683238230761634, 0.9999999999999998, 12.133888504649775, 3.29, -0.074, 8.81
153.68398022, -42.12194167, 0.6541029557380642, 0.7257349629745217, 0.9999999999997625, 7.244359600749901, 3.85, 0.051, 31.72
154.1725706, 23.41731066, 0.840671593008921, 0.8564618358602124, 0.9999999207163355, 10.665961212302578, 3.43, 0.307, 12.56
154.27073249, -61.33230426, 0.9999999999999999, 0.6799702838881654, 0.3658328583886857, 11.066237839776663, 3.39, 1.541, 4.43
154.27413109, 42.91436491, 0.6402359892182861, 0.7150153431271176, 1.0, 10.471285480508996, 3.45, 0.029, 24.27
154.99314355, 19.84148873, 0.9999999999999932, 0.7765867474898014, 0.5402927589753767, 39.44573020752785, 2.01, 1.128, 25.96
155.58225241, 41.49951638, 0.9999999999999999, 0.6667649564699935, 0.3453609086203716, 14.996848355023733, 3.06, 1.603, 13.11
156.09877632, -74.0316119, 0.8930910144429028, 0.8907408347189216, 0.9999977591972496, 6.367955209079157, 3.99, 0.369, 61.67
156.52261134, -16.83629043, 1.0, 0.6986029289719003, 0.39604407360295124, 7.379042301291009, 3.83, 1.456, 13.14
156.96970902, -58.73940319, 0.8488383135344822, 0.8619020026790204, 1.0, 7.516228940182055, 3.81, 0.317, 3.13
158.00609749, -61.68533255, 0.5703207545428786, 0.6622166080519607, 0.9999999999999999, 12.02264434617413, 3.3, -0.089, 6.56
158.20279933, 9.30658558, 0.55, 0.647, 1.0, 7.311390834834176, 3.84, -0.148, 0.57
159.32559015, -48.22562015, 0.8348289260016701, 0.8526405213855083, 0.99999982602919, 7.311390834834176, 3.84, 0.3, 37.71
160.73917189, -64.39445006, 0.55, 0.647, 1.0, 20.137242498623873, 2.74, -0.22, 7.43
161.69240913, -49.42025537, 1.0, 0.837330678569575, 0.6704836196530771, 21.086281499332898, 2.69, 0.901, 28.18
162.40620179, -16.19364835, 0.9999999999999993, 0.7511496446739061, 0.48912927110746307, 14.321878992735439, 3.11, 1.232, 23.54
163.32793791, 34.21487112, 0.9999999999999116, 0.7998930578576934, 0.5865985069745893, 7.655966069112563, 3.79, 1.04, 33.4
163.37356736, -58.8531708, 0.9999999999988849, 0.8248138831039463, 0.6429622252792454, 7.726805850957025, 3.78, 0.945, 33.71
165.46031999, 56.38242679, 0.6427228281011738, 0.7171205728696888, 1.0, 29.10717118066605, 2.34, 0.033, 41.07
165.93195289, 61.7510332, 0.9999999999999987, 0.7941081236058505, 0.5752137302528302, 47.42419852602443, 1.81, 1.061, 26.38
167.14745809, -58.9750369, 0.9999999999999994, 0.7529003553091966, 0.49233127840306273, 6.729766562843177, 3.93, 1.225, 0.55
167.41586845, 44.49848682, 0.9999999999999969, 0.7725764063540435, 0.5322759803569792, 15.848931924611133, 3.0, 1.144, 22.21
168.52708898, 20.52371682, 0.7055295024171377, 0.7629087876915535, 0.9999999999782011, 23.76840286624876, 2.56, 0.128, 56.52
168.56002157, 15.42957019, 0.619755894198011, 0.7002781646158363, 1.0, 11.694993910198711, 3.33, -0.003, 18.36
169.61973665, 33.09430567, 1.0, 0.7110100402907483, 0.41688714178402114, 10.092528860766844, 3.49, 1.4, 7.74
169.83519815, -14.7785414, 0.9999999999999962, 0.7806743843450454, 0.5483716504617102, 9.462371613657929, 3.56, 1.112, 16.75
170.25169486, -54.4910193, 0.55, 0.647, 1.0, 6.918309709189366, 3.9, -0.157, 10.15
170.9810513, 10.52950862, 0.9411139050645784, 0.9227614930670823, 1.0, 6.309573444801933, 4.0, 0.423, 41.26
172.8509187, 69.33107594, 1.0, 0.6647018578005894, 0.3422161887781036, 7.447319739059893, 3.82, 1.613, 9.76
173.25048102, -31.85762516, 0.9999999999987633, 0.8243015294772443, 0.6417527049591496, 9.638290236239705, 3.54, 0.947, 25.23
173.94535319, -63.01984158, 0.5955640724400642, 0.681636017293096, 0.9999999999999996, 14.321878992735439, 3.11, -0.044, 7.96
176.40174608, -66.72876272, 0.7274945370218682, 0.778656215935444, 1.0, 8.87156012037961, 3.63, 0.16, 25.42
176.51255835, 47.77940596, 1.0, 0.7636488468486026, 0.513589266773288, 8.394599865193975, 3.69, 1.181, 16.64
177.26490656, 14.57206032, 0.6789698126914026, 0.7443626324043583, 0.9999999999964634, 34.99451670283573, 2.14, 0.09, 90.16
177.67382733, 1.76471793, 1.0, 0.9507090396741797, 0.9688959016624056, 9.204495717531715, 3.59, 0.518, 91.74
178.45769772, 53.69476008, 0.6495641940837594, 0.7226840874184688, 1.0, 27.289777828080403, 2.41, 0.044, 38.99
182.08958257, -50.72242559, 0.55, 0.647, 1.0, 23.33458062281002, 2.58, -0.128, 8.25
182.53116941, -22.61976647, 1.0, 0.7286536851624977, 0.4479163644100621, 15.559656316050742, 3.02, 1.326, 10.75
182.91296303, -52.36846029, 0.55, 0.647, 1.0, 6.486344335482383, 3.97, -0.156, 9.53
183.78631548, -58.74892785, 0.55, 0.647, 1.0, 19.230917289101587, 2.79, -0.193, 8.96
183.85650051, 57.0326169, 0.670505501595611, 0.7382033750784786, 1.0, 11.803206356517299, 3.32, 0.077, 40.05
183.95154259, -17.54192947, 0.5602307040307761, 0.6546967348233056, 0.9999999999999999, 23.33458062281002, 2.58, -0.107, 19.78
184.97648721, -0.66680331, 0.6383373487357311, 0.7134689375591174, 0.999999999999992, 6.982324040771713, 3.89, 0.026, 13.06
185.34003859, -60.4011467, 1.0, 0.7135483036440006, 0.4212582133202959, 9.204495717531715, 3.59, 1.389, 14.3
186.64956584, -63.09909166, 0.55, 0.647, 1.0, 123.59474334445108, 0.77, -0.243, 10.17
187.00992483, -50.23063496, 0.55, 0.647, 1.0, 6.854882264526615, 3.91, -0.192, 7.36
187.4660642, -16.51543255, 0.614473924196518, 0.6963210558740953, 0.9999999999999981, 16.749428760264372, 2.94, -0.012, 37.11
187.79149709, -57.11321169, 0.9999999999999998, 0.6673856027307121, 0.34630643345793244, 58.07644175213121, 1.59, 1.6, 37.09
188.11672818, -72.13298844, 0.55, 0.647, 1.0, 7.311390834834176, 3.84, -0.157, 10.07
188.37060139, 69.78823768, 0.5553915648820166, 0.6507742432163194, 1.0, 7.244359600749901, 3.85, -0.116, 6.55
188.59681092, -23.39675917, 0.9999999999946, 0.8395926849605416, 0.6756993408727221, 21.87761623949553, 2.65, 0.893, 23.34
189.29590999, -69.13556382, 0.55, 0.647, 1.0, 21.086281499332898, 2.69, -0.176, 10.67
189.42568082, -48.54130384, 0.6527929266589898, 0.7248951490682847, 0.9999999999998391, 7.244359600749901, 3.85, 0.049, 24.77
190.37932752, -48.95988844, 0.6080229032453445, 0.6912290730072439, 1.0, 33.11311214825911, 2.2, -0.023, 25.01
190.41517626, -1.44937487, 0.8921986930413977, 0.8901605137036951, 0.9999976596835658, 20.137242498623873, 2.74, 0.368, 84.53
191.57002677, -68.10811913, 0.55, 0.647, 1.0, 15.275660582380723, 3.04, -0.178, 10.48
191.93026305, -59.68876362, 0.55, 0.647, 1.0, 79.43282347242814, 1.25, -0.238, 9.25
193.50728928, 55.95982116, 0.6086274080559543, 0.6917056615694749, 1.0, 49.65923214503363, 1.76, -0.022, 40.3
193.90086578, 3.39747026, 1.0, 0.6734608684866421, 0.355611650590752, 11.066237839776663, 3.39, 1.571, 16.11
194.00694736, 38.3183798, 0.5559836674530505, 0.6512163526920672, 0.9999999999999998, 17.538805018417612, 2.89, -0.115, 29.6
195.54415463, 10.95915037, 1.0, 0.8277445936015728, 0.649666061085452, 18.197008586099834, 2.85, 0.934, 31.9
195.56776386, -71.54885522, 1.0, 0.7614987377181738, 0.5090864258175878, 9.036494737223016, 3.61, 1.19, 35.91
199.73040326, -23.17151233, 1.0, 0.8317531702284114, 0.6583629715798215, 15.995580286146687, 2.99, 0.92, 24.69
200.14924004, -36.71229493, 0.6649982751289792, 0.7334288978371591, 1.0, 19.952623149688797, 2.75, 0.068, 55.64
200.9814288, 54.92536175, 0.6580389207735411, 0.7282379993751493, 0.9999999999996634, 32.210687912834345, 2.23, 0.057, 41.73
201.29824701, -11.16132203, 0.55, 0.647, 1.0, 101.85913880541169, 0.98, -0.235, 12.44
201.30640816, 54.98795767, 0.7340400649404144, 0.7833054233107484, 1.0, 6.367955209079157, 3.99, 0.169, 40.19
202.76106938, -39.40730717, 1.0, 0.7624559158462701, 0.5110809665001935, 6.918309709189366, 3.9, 1.186, 2.6
203.67330011, -0.59582018, 0.6959174286213173, 0.7556301519593269, 1.0, 11.168632477805613, 3.38, 0.114, 44.55
204.97191001, -53.46639378, 0.55, 0.647, 1.0, 30.47894989627983, 2.29, -0.171, 8.68
206.88515682, 49.31326506, 0.5644466839058004, 0.6581089910554506, 0.9999999999999998, 45.708818961487516, 1.85, -0.099, 32.39
207.37615454, -41.68770924, 0.55, 0.647, 1.0, 10.864256236170656, 3.41, -0.225, 6.87
207.40412075, -42.47373178, 0.55, 0.647, 1.0, 10.280162981264736, 3.47, -0.17, 6.19
208.67116138, 18.39771704, 0.9999912103952826, 0.9308490934054299, 0.9123022080879563, 21.28139045982711, 2.68, 0.58, 88.17
208.88494064, -47.28837511, 0.55, 0.647, 1.0, 23.98832919019491, 2.55, -0.176, 8.48
209.56777521, -42.10075343, 0.55, 0.647, 1.0, 7.379042301291009, 3.83, -0.224, 7.01
209.66978489, -44.80358412, 0.55, 0.647, 1.0, 7.11213513653329, 3.87, -0.208, 7.81
210.95585201, -60.37303931, 0.55, 0.647, 1.0, 143.21878992735424, 0.61, -0.231, 6.21
211.09729071, 64.37585051, 0.5927669341064583, 0.6795613960429274, 0.9999999999999998, 8.550667128846834, 3.67, -0.049, 10.56
211.59290444, -26.6823611, 1.0, 0.7861196973393275, 0.5592381167503142, 12.589254117941675, 3.25, 1.091, 32.17
211.67061857, -36.36995445, 1.0, 0.8079098710032908, 0.60308453996125, 37.67037989839089, 2.06, 1.011, 53.52
213.9153001, 19.1824103, 0.9999999999999996, 0.7494036072325007, 0.4859648948832319, 263.02679918953817, -0.05, 1.239, 88.85
214.85092485, -46.05809312, 0.55, 0.647, 1.0, 9.549925860214362, 3.55, -0.184, 9.27
217.95745802, 30.37143717, 1.0, 0.7353158335614606, 0.4601079863049916, 9.375620069258805, 3.57, 1.298, 21.92
218.0194663, 38.30825261, 0.7498781070272339, 0.7948449342102474, 0.9999999993384756, 15.275660582380723, 3.04, 0.191, 38.29
218.87676586, -42.15782447, 0.55, 0.647, 1.0, 29.376496519615305, 2.33, -0.157, 10.57
219.89617026, -60.83715604, 1.0, 0.837618075916458, 0.6711320247604934, 72.44359600749902, 1.35, 0.9, 742.12
219.90206584, -60.83397468, 1.0, 0.8913475456165055, 0.8045889523948614, 253.51286304979072, -0.01, 0.71, 742.12
220.2872992, 13.72830024, 0.6495641940837594, 0.7226840874184688, 1.0, 7.726805850957025, 3.78, 0.044, 18.07
220.48231508, -47.38820014, 0.55, 0.647, 1.0, 30.19951720402016, 2.3, -0.154, 5.95
220.62674745, -64.97513849, 0.799095015305187, 0.8286568829655494, 1.0, 13.427649611378635, 3.18, 0.256, 60.97
220.76509742, -5.65820663, 0.9071651369779701, 0.9002561307134017, 1.0, 7.11213513653329, 3.87, 0.385, 53.54
221.24674043, 27.07422244, 0.9999999999993068, 0.819588268353028, 0.6303149983572158, 28.84031503126606, 2.35, 0.966, 15.55
221.56218374, 1.89288544, 0.6185597184385475, 0.6994114263861139, 1.0, 8.090958991783824, 3.73, -0.005, 25.35
221.96545315, -79.0447507, 1.0, 0.7036057499544313, 0.4043402096449116, 7.379042301291009, 3.83, 1.433, 7.93
222.67636006, 74.15550491, 0.9999999999999998, 0.6966602535417188, 0.3928543089590433, 37.32501577957206, 2.07, 1.465, 25.79
222.71963807, -16.04177818, 0.7182180869158888, 0.7721542392738827, 1.0, 19.952623149688797, 2.75, 0.147, 42.25
224.63302849, -43.13396008, 0.55, 0.647, 1.0, 21.28139045982711, 2.68, -0.184, 6.23
224.79035436, -42.10419383, 0.55, 0.647, 1.0, 14.060475241299143, 3.13, -0.208, 6.05
225.48650975, 40.39056569, 0.9999999999987349, 0.8220462950563467, 0.6363297743586196, 10.092528860766844, 3.49, 0.956, 14.91
226.0175648, -25.28196464, 0.9999999999999998, 0.6520796060483063, 0.3227454420589637, 12.589254117941675, 3.25, 1.674, 11.17
226.27952355, -47.05124517, 0.55, 0.647, 1.0, 6.854882264526615, 3.91, -0.144, 6.56
227.98364862, -48.73781871, 0.6043387462348186, 0.688347638939053, 1.0, 7.046930689671471, 3.88, -0.029, 17.89
228.071229, -52.09924722, 1.0, 0.8323410046611588, 0.6596213324089542, 10.864256236170656, 3.41, 0.918, 28.06
228.87567917, 33.31483347, 0.9999999999989746, 0.8208151686183861, 0.6333233282646571, 10.375284158180126, 3.46, 0.961, 27.94
229.25172845, -9.3829174, 0.5801636661858295, 0.6697002762722657, 0.9999999999999999, 22.698648518838223, 2.61, -0.071, 20.38
229.72742565, -68.67954501, 0.6304949110505851, 0.7077160029521486, 0.9999999999999887, 17.864875748520507, 2.87, 0.014, 17.85
230.18214784, 71.83401605, 0.6586902430235722, 0.7286658653875624, 0.9999999999996804, 15.848931924611133, 3.0, 0.058, 6.79
230.34300711, -40.64751791, 0.55, 0.647, 1.0, 12.941958414499856, 3.22, -0.227, 6.39
230.45154169, -36.26137639, 0.9999999999999999, 0.681516994773319, 0.36830141682365575, 9.375620069258805, 3.57, 1.534, 9.99
230.67029542, -44.68962207, 0.55, 0.647, 1.0, 11.271974561755105, 3.37, -0.191, 6.47
231.23239471, 58.96606559, 1.0, 0.7672261949525012, 0.5211751244903745, 12.133888504649775, 3.29, 1.166, 31.92
231.95721171, 29.10570271, 0.8504524401577425, 0.8629883371105416, 1.0, 8.629785477669701, 3.66, 0.319, 28.6
233.67195048, 26.71469302, 0.6421042363418706, 0.7165926536361529, 1.0, 32.50872973854344, 2.22, 0.032, 43.65
233.70061304, 10.53886686, 0.808409982973094, 0.8351836983800754, 1.0, 7.58577575029184, 3.8, 0.268, 15.54
233.78519974, -41.166757, 0.55, 0.647, 1.0, 19.054607179632473, 2.8, -0.216, 5.75
233.88157906, -14.78953681, 1.0, 0.8089970051039489, 0.6054616997936829, 6.854882264526615, 3.91, 1.007, 21.42
234.25604093, -28.13507945, 1.0, 0.7201740857125136, 0.43281338726790847, 9.120108393559097, 3.6, 1.361, 16.76
234.66403964, -29.77775386, 0.55, 0.647, 1.0, 8.629785477669701, 3.66, -0.177, 7.33
235.68568764, 26.29563742, 0.6344430929182913, 0.7105134691832684, 0.9999999999999756, 7.516228940182055, 3.81, 0.02, 22.48
236.06697851, 6.42562699, 1.0, 0.7669869256790912, 0.520668079491845, 22.284351492703042, 2.63, 1.167, 44.54
236.54690158, 15.42182561, 0.668049527688651, 0.7360804203405079, 1.0, 8.709635899560807, 3.65, 0.073, 21.31
237.40503496, -3.43020774, 0.6000975274451993, 0.6850747188083944, 1.0, 9.638290236239705, 3.54, -0.036, 20.94
237.70402545, 4.47773018, 0.7182180869158888, 0.7721542392738827, 1.0, 8.241381150130023, 3.71, 0.147, 46.39
237.73974002, -33.62716543, 0.5950084208979779, 0.6812206161803117, 0.9999999999999998, 6.486344335482383, 3.97, -0.045, 15.86
238.78567608, -63.43072662, 0.8472201913072948, 0.8608154174144188, 1.0, 18.535316234148116, 2.83, 0.315, 81.24
239.11326153, 15.66161688, 0.9924513238685677, 0.9557757204170436, 0.9995530958504727, 7.244359600749901, 3.85, 0.478, 89.92
239.22115205, -29.21407322, 0.55, 0.647, 1.0, 7.11213513653329, 3.87, -0.199, 7.97
239.71297035, -26.11410529, 0.55, 0.647, 1.0, 17.538805018417612, 2.89, -0.18, 7.1
240.03053401, -38.39670656, 0.55, 0.647, 1.0, 10.76465213629835, 3.42, -0.206, 6.61
240.08335942, -22.62170993, 0.554785417775994, 0.6503304671892403, 1.0, 30.47894989627983, 2.29, -0.117, 8.12
241.35929462, -19.80545336, 0.5834057768491326, 0.6725089584238323, 0.9999999999999999, 23.76840286624876, 2.56, -0.065, 6.15
241.70177456, -20.66919247, 0.5944519274979687, 0.6808061698002263, 0.9999999999999997, 6.729766562843177, 3.93, -0.046, 7.7
242.99889379, -19.46070821, 0.6698879436733564, 0.7376771349938129, 1.0, 6.309573444801933, 4.0, 0.076, 7.47
243.58641439, -3.69432297, 0.9999999999999999, 0.6707168567384352, 0.3513912747738805, 20.32357010936222, 2.73, 1.584, 19.16
243.85946153, -63.68568176, 1.0, 0.7824802395906391, 0.5519552799943592, 7.177942912713619, 3.86, 1.105, 5.25
244.58037087, -4.69251067, 0.9999999999993068, 0.819588268353028, 0.6303149983572158, 12.823305826560219, 3.23, 0.966, 30.34
244.93515331, 46.31336639, 0.55, 0.647, 1.0, 6.854882264526615, 3.91, -0.151, 10.37
245.29715015, -25.59279641, 0.8339886217195831, 0.8520939876273559, 0.9999998224845289, 17.378008287493753, 2.9, 0.299, 4.44
245.48005997, 19.15313028, 0.8339886217195831, 0.8520939876273559, 0.9999998224845289, 8.01678063387679, 3.74, 0.299, 16.69
245.9978587, 61.51421312, 1.0, 0.8347018908989363, 0.6646955803409472, 20.32357010936222, 2.73, 0.91, 37.18
247.35192046, -26.43200249, 1.0, 0.6136499284384839, 0.26968652096298773, 94.62371613657925, 1.06, 1.865, 5.4
247.55499986, 21.48961328, 0.9999999999987633, 0.8243015294772443, 0.6417527049591496, 19.408858775927783, 2.78, 0.947, 22.07
247.7284288, 1.98392313, 0.6357519646722599, 0.7114792870656061, 0.9999999999999766, 7.447319739059893, 3.82, 0.022, 19.63
248.3628478, -78.89714775, 1.0, 0.8308761473830506, 0.6564829845358426, 7.177942912713619, 3.86, 0.923, 20.44
248.97064054, -28.21601625, 0.55, 0.647, 1.0, 18.706821403658008, 2.82, -0.206, 7.59
249.28974079, -10.56708997, 0.6458088925009035, 0.7197323962822701, 1.0, 24.210290467361776, 2.54, 0.038, 7.12
250.32150123, 31.60272561, 1.0, 0.9093195614499064, 0.8531096259595149, 18.879913490962934, 2.81, 0.65, 92.63
250.72402184, 38.92225448, 1.0, 0.832930525855621, 0.6608837497469099, 10.18591388054117, 3.48, 0.916, 29.11
252.16622864, -69.02771504, 1.0, 0.7005508945382202, 0.39925883046592975, 43.251383103500864, 1.91, 1.447, 7.85
252.4464847, -59.04137792, 0.9999999999999996, 0.6753874739272697, 0.35860420205584814, 7.7983011052325875, 3.77, 1.562, 10.41
252.54088739, -34.29323171, 0.9999999999999969, 0.7725764063540435, 0.5322759803569792, 30.47894989627983, 2.29, 1.144, 49.85
252.96763467, -38.04737967, 0.55, 0.647, 1.0, 15.848931924611133, 3.0, -0.2, 3.97
253.08393309, -38.01753566, 0.55, 0.647, 1.0, 9.462371613657929, 3.56, -0.21, 6.31
253.64585529, -42.36131277, 1.0, 0.7126211312793033, 0.4196577405558387, 8.953647655495937, 3.62, 1.393, 21.67
254.41707231, 9.37503268, 1.0, 0.7686670644665649, 0.5242161115912228, 13.304544179780914, 3.19, 1.16, 37.99
254.65504861, -55.99014085, 0.9999999999999999, 0.6775566192084905, 0.3620079558629339, 14.190575216890918, 3.12, 1.552, 5.68
255.07239072, 30.92640462, 0.6109984885439792, 0.6935840083766998, 0.9999999999999991, 6.792036326171846, 3.92, -0.018, 20.04
257.19664842, 65.71468331, 0.5528958079557048, 0.6489892584620777, 1.0, 13.551894123510364, 3.17, -0.12, 9.6
257.59453052, -15.72491023, 0.6593388788329291, 0.7290999849567672, 0.9999999999997097, 26.791683248190314, 2.43, 0.059, 38.77
258.03830643, -43.23918896, 0.9576156968781572, 0.933546143192238, 0.9998877500349783, 11.803206356517299, 3.32, 0.441, 45.56
258.66191003, 14.39033281, 1.0, 0.7677054027553046, 0.5221891775151676, 19.408858775927783, 2.78, 1.164, 8.53
258.75796073, 24.83920414, 0.6723801846903967, 0.7397485585951538, 1.0, 14.190575216890918, 3.12, 0.08, 41.55
258.76180979, 36.80916183, 0.9999999999999999, 0.702728785025401, 0.4028760044934769, 13.677288255958487, 3.16, 1.437, 8.89
260.50241, -24.99954543, 0.55, 0.647, 1.0, 12.359474334445107, 3.27, -0.186, 5.79
261.32495294, -55.52988403, 1.0, 0.693635455268677, 0.38791287899738386, 18.365383433483466, 2.84, 1.479, 5.41
261.34857936, -56.37772676, 0.55, 0.647, 1.0, 11.91242008027375, 3.31, -0.15, 2.87
262.60817511, 52.30138713, 0.9999999999986806, 0.8225419099662602, 0.6375329402789359, 19.230917289101587, 2.79, 0.954, 9.02
262.69098221, -37.29581099, 0.55, 0.647, 1.0, 20.892961308540386, 2.7, -0.179, 6.29
262.77463763, -60.68384819, 0.5617474038568959, 0.6559819426367238, 1.0, 9.120108393559097, 3.6, -0.104, 17.42
262.96038867, -49.8761448, 0.55, 0.647, 1.0, 18.365383433483466, 2.84, -0.136, 13.46
263.40216661, -37.10382115, 0.55, 0.647, 1.0, 56.49369748123026, 1.62, -0.231, 4.64
263.73362733, 12.56003477, 0.7238766997211756, 0.7761236131605581, 1.0, 36.982817978026624, 2.08, 0.155, 69.84
264.32971086, -42.99782386, 0.9256083200791011, 0.9125803537285082, 0.9999875810202221, 45.28975799036207, 1.86, 0.406, 11.99
264.39667273, -15.39855727, 0.8037179562706904, 0.8319234016740276, 1.0, 9.638290236239705, 3.54, 0.262, 30.93
264.86619338, 46.00633181, 0.55, 0.647, 1.0, 7.447319739059893, 3.82, -0.179, 6.58
265.62197877, -39.02998302, 0.55, 0.647, 1.0, 27.797132677592884, 2.39, -0.171, 7.03
265.86813797, 4.56730281, 1.0, 0.7667478527031676, 0.5201610703727104, 19.76969640111861, 2.76, 1.168, 39.78
266.4332804, -64.72387151, 1.0, 0.7684261920238887, 0.5237096168014348, 9.036494737223016, 3.61, 1.161, 8.79
266.61469538, 27.72067625, 0.9999999973768253, 0.8804489140429307, 0.7742797935631248, 10.76465213629835, 3.42, 0.75, 119.05
266.89617277, -40.12699753, 1.0, 0.9539566663916029, 0.9781600439792931, 15.995580286146687, 2.99, 0.509, 1.82
266.97316882, 2.70727617, 0.6489303077056002, 0.7222133006404983, 1.0, 7.943282347242816, 3.75, 0.043, 34.42
267.46450837, -37.04330355, 1.0, 0.7610188131088819, 0.5080938920493768, 13.304544179780914, 3.19, 1.192, 25.71
268.38220612, 56.87264281, 1.0, 0.7646017758688002, 0.5156054568300926, 8.090958991783824, 3.73, 1.177, 29.26
269.06325226, 37.25053918, 1.0, 0.7228319017031481, 0.4375054157289739, 7.177942912713619, 3.86, 1.35, 4.87
269.15154113, 51.48889499, 0.9999999999999998, 0.6844012551757721, 0.3729342169781521, 31.915378551007617, 2.24, 1.521, 22.1
269.44119041, 29.24787975, 1.0, 0.8274689972620479, 0.6490522052434622, 8.317637711026709, 3.7, 0.935, 24.12
269.75663119, -9.77363197, 1.0, 0.8143072123173956, 0.6175731030801793, 11.803206356517299, 3.32, 0.987, 21.35
270.16131566, 2.93156761, 0.6402359892182861, 0.7150153431271176, 1.0, 6.729766562843177, 3.93, 0.029, 2.3
271.45202872, -30.42409129, 1.0, 0.8158495059418054, 0.6212327269340551, 16.14358556826486, 2.98, 0.981, 33.94
271.65779638, -50.09147713, 0.5633319207204562, 0.6572604262598862, 0.9999999999999998, 8.709635899560807, 3.65, -0.101, 3.22
271.83743427, 9.56384719, 0.7267681883484481, 0.778146684528455, 1.0, 8.241381150130023, 3.71, 0.159, 39.4
271.88562777, 28.7624885, 0.6109984885439792, 0.6935840083766998, 0.9999999999999991, 7.311390834834176, 3.84, -0.018, 9.39
273.44087411, -21.05883369, 0.7528194072891768, 0.7968775092214363, 0.9999999999491528, 7.311390834834176, 3.84, 0.195, 0.11
274.40681271, -36.76168598, 0.9999999999999998, 0.6711364567944068, 0.35203413525634425, 14.454397707459272, 3.1, 1.582, 21.87
275.24850731, -29.82810326, 0.9999999999999999, 0.7156520894396043, 0.42490534583294814, 20.511621788255646, 2.72, 1.38, 10.67
275.26409444, 72.73284302, 0.9979779106746358, 0.9576966585898212, 0.9950032282401157, 9.549925860214362, 3.55, 0.489, 124.11
275.32750318, -2.89882514, 0.9999999999992895, 0.8258553877970563, 0.6453886785719681, 12.823305826560219, 3.23, 0.941, 52.81
275.92453998, 21.76975206, 1.0, 0.7667478527031676, 0.5201610703727104, 7.244359600749901, 3.85, 1.168, 25.4
276.04299301, -34.38461611, 0.6031089161250801, 0.6873938803825439, 1.0, 48.30588020397726, 1.79, -0.031, 22.55
276.74340114, -45.96845881, 0.55, 0.647, 1.0, 10.092528860766844, 3.49, -0.179, 13.08
276.99266896, -25.42170011, 0.9999999999999312, 0.8040587177989078, 0.5949671550919235, 18.706821403658008, 2.82, 1.025, 42.2
278.80177781, -8.24407292, 0.9999999999999999, 0.730819612345568, 0.4518445484747775, 7.244359600749901, 3.85, 1.317, 18.72
279.23473511, 38.7836918, 0.6209670220525648, 0.7011410587032723, 1.0, 244.34305526939713, 0.03, -0.001, 128.93
281.41411035, -26.99077831, 0.5602307040307761, 0.6546967348233056, 0.9999999999999999, 13.551894123510364, 3.17, -0.107, 14.14
282.51997782, 33.36266704, 0.6234330139783119, 0.7028646828748496, 1.0, 9.817479430199844, 3.52, 0.003, 3.7
283.81635716, -26.29672225, 0.55, 0.647, 1.0, 38.018939632056124, 2.05, -0.134, 14.54
284.43250651, -21.1066543, 0.9999999999999989, 0.7708525204438527, 0.5287604939805054, 9.817479430199844, 3.52, 1.151, 8.76
284.73592771, 32.68955742, 0.5927669341064583, 0.6795613960429274, 0.9999999999999998, 12.589254117941675, 3.25, -0.049, 5.14
285.65297476, -29.88010539, 0.6612638089128466, 0.7304513601867125, 0.9999999999998891, 22.908676527677724, 2.6, 0.062, 36.61
286.1707572, -21.74149568, 1.0, 0.807637035482427, 0.6024937962701483, 7.870457896950989, 3.76, 1.012, 23.49
286.35253418, 13.86347817, 0.6304949110505851, 0.7077160029521486, 0.9999999999999887, 15.995580286146687, 2.99, 0.014, 39.18
286.56224338, -4.88255421, 0.5661830333289399, 0.6593704371892645, 0.9999999999999998, 10.665961212302578, 3.43, -0.096, 26.05
286.7350369, -27.67042304, 1.0, 0.7665089560784737, 0.5196541330242732, 11.803206356517299, 3.32, 1.169, 27.09
287.44097099, -21.02361486, 0.9001845821207279, 0.8954464719743006, 0.9999996401638771, 17.701089583174213, 2.88, 0.377, 7.41
288.13875006, 67.66154129, 1.0, 0.8135262680313727, 0.6157430463384452, 14.859356422870075, 3.07, 0.99, 32.54
289.27570325, 53.36845943, 0.9999999999986688, 0.8235417596500335, 0.6399420782220362, 7.58577575029184, 3.8, 0.95, 26.48
290.41816155, -17.84719749, 0.777907637828187, 0.8133815688900665, 0.9999999939462675, 6.792036326171846, 3.92, 0.228, 26.79
290.65955207, -44.45896465, 0.5726162405458924, 0.6637745136371951, 0.9999999999999999, 6.546361740672751, 3.96, -0.085, 8.62
290.97156872, -40.61593993, 0.5612376111617554, 0.6555544119753435, 0.9999999999999999, 6.546361740672751, 3.96, -0.105, 19.2
291.3745854, 3.1147753, 0.8504524401577425, 0.8629883371105416, 1.0, 11.37627285823431, 3.36, 0.319, 65.05
292.42649598, 51.72977887, 0.7189126514060692, 0.7726445270552437, 1.0, 7.870457896950989, 3.76, 0.148, 26.63
292.68033578, 27.95968112, 1.0, 0.7869054755731487, 0.5608163630412618, 15.135612484362087, 3.05, 1.088, 8.46
296.24365768, 45.13080969, 0.6203596068031649, 0.7007099427758605, 1.0, 18.03017740859569, 2.86, -0.002, 19.07
296.56491454, 10.6132612, 1.0, 0.6875070602799133, 0.37795501209218746, 20.511621788255646, 2.72, 1.507, 7.08
296.84692668, 18.5342861, 1.0, 0.7317752548217933, 0.4535887563743598, 8.472274141405963, 3.68, 1.313, 7.28
297.0431338, 70.26793017, 0.9999999999891956, 0.8409699649220923, 0.6789861556387381, 7.311390834834176, 3.84, 0.888, 22.4
297.69582916, 8.86832198, 0.7725918787536391, 0.809725659623791, 1.0, 124.73835142429432, 0.76, 0.221, 194.44
298.11819944, 1.00566053, 0.9999993263553858, 0.9151808839948417, 0.8696257972441872, 7.11213513653329, 3.87, 0.63, 2.78
298.82830569, 6.40676346, 1.0, 0.850041031560852, 0.7006734334405894, 8.241381150130023, 3.71, 0.855, 72.95
299.0765497, 35.08342371, 0.999999999999987, 0.8057167126318809, 0.5984043906085594, 6.982324040771713, 3.89, 1.019, 23.4
299.68928113, 19.49214775, 1.0, 0.6734608684866421, 0.355611650590752, 9.908319448927678, 3.51, 1.571, 11.9
300.14813841, -72.91050366, 0.6024975794792392, 0.6869212085221471, 1.0, 6.486344335482383, 3.97, -0.032, 30.73
302.18170154, -66.18206819, 0.99999999760012, 0.8801520412053349, 0.7735431405857054, 9.549925860214362, 3.55, 0.751, 163.73
302.82618951, -0.82146099, 0.5828514065374232, 0.6720418166415029, 0.9999999999999999, 12.705741052085413, 3.24, -0.066, 11.36
303.40794272, 46.74132872, 1.0, 0.7418753881255674, 0.4722686046882922, 7.58577575029184, 3.8, 1.27, 2.41
303.86800672, 47.71420822, 0.9999999999999999, 0.6996841025485965, 0.3978261413259562, 6.546361740672751, 3.96, 1.451, 2.94
304.51356413, -12.54485184, 0.9999999999844492, 0.8423293907638704, 0.6822857934035792, 9.289663867799362, 3.58, 0.883, 30.01
305.25281519, -14.78136716, 1.0, 0.8680530758054753, 0.7455911674743451, 15.135612484362087, 3.05, 0.79, 9.48
305.5570912, 40.25667924, 0.9999999880713972, 0.9026231175090851, 0.8339982622391549, 32.210687912834345, 2.23, 0.673, 2.14
306.41190763, -56.7350901, 0.554166522145391, 0.6498850362973907, 1.0, 42.072662838444415, 1.94, -0.118, 17.8
309.38725441, 14.59508707, 0.9429587566698645, 0.9240063563568824, 1.0, 8.790225168308842, 3.64, 0.425, 33.49
309.39179996, -47.2915018, 1.0, 0.8114151545039077, 0.6108779009454361, 14.321878992735439, 3.11, 0.998, 32.21
309.90953078, 15.91207193, 0.5880717133449523, 0.6761358449559103, 0.9999999999999998, 7.7983011052325875, 3.77, -0.057, 13.55
310.35797809, 45.280338, 0.6803445778994631, 0.7452189234035742, 0.9999999999957265, 79.43282347242814, 1.25, 0.092, 1.01
311.23955989, -66.20321257, 0.7296777183044757, 0.7801935089321891, 1.0, 10.76465213629835, 3.42, 0.163, 23.71
311.32239594, 61.83878197, 1.0, 0.8341117108368389, 0.6634208495777248, 10.864256236170656, 3.41, 0.912, 69.73
311.55284473, 33.9702561, 0.9999999999999644, 0.8051650644842565, 0.5972518918465288, 25.58585886905645, 2.48, 1.021, 45.26
311.91896433, -9.49577573, 0.621578104946204, 0.7015718051103995, 1.0, 7.726805850957025, 3.78, 0.0, 14.21
313.70251293, -58.45415486, 0.9999999999999999, 0.7466847417103628, 0.48105532986636707, 8.550667128846834, 3.67, 1.25, 5.41
314.29340932, 41.16713558, 0.6389744661274892, 0.7139793561310624, 0.9999999999999994, 6.668067692136222, 3.94, 0.027, 9.17
316.23276153, 43.92785207, 1.0, 0.6655262254719249, 0.34347338798022914, 8.165823713585922, 3.72, 1.609, 2.77
318.2341091, 30.22691571, 1.0, 0.8135262680313727, 0.6157430463384452, 13.061708881318419, 3.21, 0.99, 21.62
318.69788169, 38.045317, 0.9141135453115116, 0.9050561132795171, 1.0, 8.01678063387679, 3.74, 0.393, 47.8
318.9559653, 5.24784463, 1.0, 0.9402068436335366, 0.9405731966184739, 6.792036326171846, 3.92, 0.549, 17.51
319.64488119, 62.58557261, 0.799861497077542, 0.8292020199252216, 1.0, 26.302679918953814, 2.45, 0.257, 66.84
321.66677526, -22.41133249, 1.0, 0.8103455575074436, 0.6084608655828139, 7.7983011052325875, 3.77, 1.002, 8.19
322.16498797, 70.56071603, 0.55, 0.647, 1.0, 12.823305826560219, 3.23, -0.201, 5.48
322.88972517, -5.57117221, 1.0, 0.8577804889433068, 0.7184529381662851, 17.378008287493753, 2.9, 0.828, 5.33
323.49521858, 45.59183746, 0.9999999999861902, 0.8417871939608073, 0.6809648377508352, 6.4268771731701975, 3.98, 0.885, 26.2
325.02273477, -16.6623077, 0.8512585734261923, 0.8635314842807416, 1.0, 8.394599865193975, 3.69, 0.32, 23.48
325.36935979, -77.39004641, 1.0, 0.8087258764900832, 0.6048653929813625, 8.090958991783824, 3.73, 1.008, 47.22
326.04649214, 9.87501126, 1.0, 0.6846233632576635, 0.3732923190773849, 28.05433637951713, 2.38, 1.52, 4.85
326.76018807, -16.12728595, 0.7419421587385426, 0.7891027429821985, 0.9999999992782914, 18.197008586099834, 2.85, 0.18, 84.58
328.48218523, -37.36485231, 0.5731788872472738, 0.6641635108357333, 1.0, 15.848931924611133, 3.0, -0.084, 16.07
331.4459822, -0.3198507, 0.9999999999995218, 0.8188505669944907, 0.6285070764530004, 16.595869074375607, 2.95, 0.969, 4.3
331.75277532, 25.34511155, 0.9521475312857779, 0.9300949481871846, 0.9999976450583505, 7.7983011052325875, 3.77, 0.435, 85.06
332.0582728, -46.96097543, 0.5806929886582595, 0.6701663501512333, 1.0, 51.0504999975406, 1.73, -0.07, 32.16
332.54993837, 6.19786491, 0.6762704408541387, 0.7426072987995888, 0.9999999999984129, 9.817479430199844, 3.52, 0.086, 33.77
332.71365289, 58.20126083, 0.9999999999999999, 0.676251779736864, 0.3599562425793393, 11.066237839776663, 3.39, 1.558, 4.49
334.62539235, -60.25958759, 1.0, 0.7133160610567796, 0.42085691560233524, 17.864875748520507, 2.87, 1.39, 16.42
335.41406405, -1.38733152, 0.5880717133449523, 0.6761358449559103, 0.9999999999999998, 7.177942912713619, 3.86, -0.057, 20.67
337.20796732, -0.01997197, 0.9256083200791011, 0.9125803537285082, 0.9999875810202221, 8.709635899560807, 3.65, 0.406, 31.53
337.3173945, -43.49556461, 0.999999999999955, 0.8048888291797739, 0.5966782391338055, 6.486344335482383, 3.97, 1.022, 11.03
337.82292092, 50.28249144, 0.641483935589693, 0.7160651407721269, 1.0, 7.870457896950989, 3.76, 0.031, 31.86
340.3655033, 10.83136442, 0.5720491898863869, 0.6633864398644201, 1.0, 10.864256236170656, 3.41, -0.086, 15.64
340.66687781, -46.8845769, 0.9999999999999999, 0.6653200423180559, 0.3431590606041832, 37.32501577957206, 2.07, 1.61, 19.17
340.75057261, 30.2212452, 1.0, 0.8509054533900827, 0.7026173431999827, 16.90440931643264, 2.93, 0.852, 15.18
341.63282775, 23.56565397, 1.0, 0.7916773953198879, 0.5703847498666226, 6.486344335482383, 3.97, 1.07, 8.26
342.13874318, -51.31686379, 0.6742990657562967, 0.7412210119930696, 0.9999999999998186, 10.092528860766844, 3.49, 0.083, 25.16
342.42006922, 66.2004077, 0.9999999999999645, 0.7962970456536003, 0.5795232616742892, 10.0, 3.5, 1.053, 28.27
342.50080334, 24.60157928, 1.0, 0.8280219798431151, 0.6502808849174285, 9.908319448927678, 3.51, 0.933, 27.95
343.15364976, -7.57959928, 0.9999999999999998, 0.6620264766212538, 0.3381227337245559, 8.090958991783824, 3.73, 1.626, 8.33
343.66255214, -15.82082024, 0.6637681649453165, 0.7323998815954074, 1.0, 12.359474334445107, 3.27, 0.066, 20.44
344.41269372, -29.62223615, 0.7168424019945149, 0.7711787366696204, 0.9999999999749649, 85.50667128846833, 1.17, 0.145, 130.08
345.48026764, 42.32597924, 0.5644466839058004, 0.6581089910554506, 0.9999999999999998, 8.953647655495937, 3.62, -0.099, 4.71
345.94357301, 28.08278909, 1.0, 0.656039019791889, 0.3288463014360506, 26.54605561975539, 2.44, 1.655, 16.37
346.19022409, 15.20526442, 0.6203596068031649, 0.7007099427758605, 1.0, 25.35128630497907, 2.49, -0.002, 23.36
347.36165473, -21.1724096, 1.0, 0.7586003190315136, 0.5031885071807916, 8.472274141405963, 3.68, 1.202, 13.96
347.58974022, -45.24671132, 1.0, 0.8114151545039077, 0.6108779009454361, 7.046930689671471, 3.88, 0.998, 17.63
349.29140788, 3.28228889, 1.0, 0.832930525855621, 0.6608837497469099, 8.317637711026709, 3.7, 0.916, 24.92
349.3573889, -58.23573417, 0.9292128008982401, 0.9148894796700971, 0.9999877701849291, 6.367955209079157, 3.99, 0.41, 45.4
350.74261152, -20.10058008, 1.0, 0.7884845240293719, 0.5639886015488397, 6.546361740672751, 3.96, 1.082, 20.14
354.39101047, 46.45815183, 1.0, 0.8150817478971674, 0.6194035800151683, 7.516228940182055, 3.81, 0.984, 38.74
354.83687081, 77.63227593, 0.9999999999999065, 0.802393933484192, 0.5915856444864316, 13.061708881318419, 3.21, 1.031, 72.5