# X, Y, Z, Distance, R, G, B, relative luminosity, relative radius, Vmag, BV
-9.27308267502849, 23.227469980401153, -16.117409388767783, 29.76190476190476, 0.5989361121149748, 0.6841866664500202, 0.9999999999999998, 1304.603643596443, 6.719529735112374, 2.07, -0.038
-7.680346850633214, 14.782671389688675, -0.9349752521930768, 16.69727834362999, 0.902814127170999, 0.8972416678700439, 1.0, 338.4141515355474, 7.911138227302962, 2.28, 0.38
12.091721499740743, -8.731644943107188, -40.29084397957581, 42.955326460481096, 1.0, 0.8073638027016472, 0.6019045810822132, 513.0872112333719, 21.430066066954844, 3.88, 1.013
-23.47800839007232, 66.08089084601224, -74.25939719731564, 102.1450459652707, 0.55, 0.647, 1.0, 7631.1810669733195, 10.29736312995157, 2.83, -0.19
-4.884296499677475, 29.72524234876421, -83.54339809634854, 88.80994671403198, 0.9999999999999996, 0.7556446425521406, 0.4974526769718735, 2944.9665133232957, 62.18007877416331, 3.56, 1.214
3.290467817420904, -4.718593467732672, -4.7913749668962815, 7.4749588877261175, 0.9999999180023682, 0.9188356729031146, 0.8795509474246536, 41.24532771711868, 3.8777184530068673, 2.82, 0.618
5.206900032140766, -4.6477362328081515, -22.470784746366004, 23.52387673488591, 0.7383615187917784, 0.7864607296353447, 0.9999999996568484, 146.95180740596118, 3.641595431634011, 3.93, 0.175
4.98547770244204, -4.209969611458973, -22.82145856747387, 23.730422401518748, 1.0, 0.7882206139970908, 0.5634585348826869, 612.0234734903057, 25.07774584784637, 2.4, 1.083
-92.62772140233938, 155.45781472349034, -28.14298983730276, 183.15018315018315, 0.55, 0.647, 1.0, 11111.478659108056, 12.167748169617864, 3.69, -0.196
-13.144642584124995, 22.860761197263535, -16.400346504201902, 31.06554830692762, 1.0, 0.7423486601510569, 0.4731414622790727, 470.6685594737664, 26.08563517299332, 3.27, 1.268
-36.3000857924435, 59.44252723937221, -7.599553047827282, 70.0770847932726, 1.0, 0.7662702159737664, 0.5191473031300224, 6184.565531706509, 86.5548245711643, 2.24, 1.17
-1.7778984485430556, 4.431227892186233, -28.984960852268486, 29.37720329024677, 0.999999999999987, 0.8057167126318809, 0.5984043906085594, 1306.7064628115897, 34.40580476294219, 2.04, 1.019
-3.1711255541395076, 4.994276025246448, -0.5163321950555044, 5.952735281862015, 0.9999964047505815, 0.9285497241556991, 0.9061506753748255, 14.507423251884214, 2.2082558421054963, 3.46, 0.587
-103.8756167045085, 156.4961349180718, -6.7804655811171095, 187.96992481203006, 0.5944519274979687, 0.6808061698002263, 0.9999999999999997, 48343.03112130984, 40.051896901163964, 2.15, -0.046
-21.345246780926573, 31.532494639765282, -17.182182770829773, 41.78854993731718, 0.7068560459005304, 0.7639016205659138, 0.9999999999653715, 494.62008149843626, 6.10447221841112, 3.86, 0.13
8.742774075622947, -18.57540788448819, -57.1834907761355, 60.75334143377886, 0.9999999999861902, 0.8417871939608073, 0.6809648377508352, 1719.0855117236215, 34.32421203746166, 3.32, 0.885
18.80815347366297, -35.93864731327691, -75.57122885341299, 85.76329331046313, 0.5528958079557048, 0.6489892584620777, 1.0, 1935.3523361930813, 6.502524154418653, 3.94, -0.12
-7.97844141771202, 7.341336625258621, -34.38740052350502, 36.062026685899745, 1.0, 0.7684261920238887, 0.5237096168014348, 532.4237289043265, 25.185063778872042, 3.46, 1.161
-32.872364827795536, 43.39435195717108, -27.763543812288393, 61.12469437652812, 0.9999999999999998, 0.6724005992119544, 0.35397597040620654, 5502.886346456863, 114.8846752810655, 2.07, 1.576
-10.30140133399982, 6.756353521020197, -32.87189025554805, 35.1123595505618, 1.0, 0.7930235937098474, 0.5730650655764118, 443.68747798461885, 20.981832750633412, 3.6, 1.065
-18.384047446988006, 24.259799730535832, -1.2036043639253826, 30.478512648582747, 0.7274945370218682, 0.778656215935444, 1.0, 794.5929017962293, 8.221448508489248, 2.66, 0.16
3.8654036917114354, -21.59837556420508, -68.29955608962747, 71.73601147776183, 0.9999999999999998, 0.6797499069734776, 0.3654821780059311, 2206.132509260988, 70.85344805181924, 3.41, 1.542
4.9122658640308146, -17.11014517371057, -41.49217370309783, 45.146726862302486, 0.9999999999997307, 0.8181094758319079, 0.626695713589607, 541.2646706143596, 21.111897047733553, 3.93, 0.972
-45.60170098319577, 42.38023399433139, -65.21379279085198, 90.17132551848512, 0.9999999999998599, 0.8176126543571204, 0.625485733326813, 2872.7249717394416, 48.73740912465758, 3.62, 0.974
8.058194379239467, -21.351097098934012, -37.731997643676834, 44.091710758377424, 0.55, 0.647, 1.0, 12731.249856726565, 14.808632604679172, 0.45, -0.158
-33.879017209039375, 39.22320407867574, -12.383855703759181, 53.304904051172706, 1.0, 0.7406972289365669, 0.4700904019566733, 1032.0279845479247, 38.86539994838981, 3.59, 1.275
-1.014371031599694, 0.12488677739465237, -3.4934274111779473, 3.6473720684247, 1.0, 0.8868854837705803, 0.7915308642752593, 5.298064946489796, 1.5918118523415812, 3.49, 0.727
-28.957528314740557, 7.242571516033145, -73.59544386677824, 79.42811755361399, 0.9999999999999946, 0.7745703293486257, 0.5362835270252432, 1995.7479033099598, 47.63401372261733, 3.74, 1.136
-12.593183981664879, 11.08625699053408, -10.211276407649951, 19.657951641438963, 0.9976211594497822, 0.9576640382307847, 0.9955652340241736, 164.14727092169088, 6.480685732936611, 3.42, 0.488
-37.50418433759478, 28.667705170296962, -41.17590437929326, 62.65664160401002, 0.5938935553023165, 0.6803919682559357, 0.9999999999999998, 1091.6699803255788, 6.002753397106265, 3.88, -0.047
-86.7448054365941, 103.99228283886914, 4.11577936659015, 135.50135501355012, 0.55, 0.647, 1.0, 8318.488455950433, 12.282636630721987, 3.35, -0.15
-11.118919963098051, 8.608331044743622, -11.636131277858594, 18.26817683595177, 0.7311340721820649, 0.7812254162082115, 1.0, 290.7686337044766, 5.022862429920669, 2.64, 0.165
1.499872193307965, -7.885152608145549, -15.537028330692923, 17.485574401119077, 1.0, 0.8532254135744141, 0.7078122908010812, 101.278427302942, 7.9650147380801055, 3.69, 0.844
4.284239778484334, -12.187261905880783, -17.64429618966253, 21.862702229995627, 0.8264081548169433, 0.8471725574089136, 0.9999998678108695, 340.0672593300272, 6.838219360716892, 2.86, 0.29
-25.83164450008917, -7.094633708729333, -88.26804810167003, 92.25092250922509, 0.9999999999999998, 0.6771206300165293, 0.36132106269287273, 2138.447425775613, 70.41158652979846, 3.99, 1.554
-21.960685017088508, 10.048108357178728, -35.12972410424338, 42.643923240938165, 0.6370512007498323, 0.7124640171638197, 0.9999999999999818, 534.4061504864362, 5.019286276238026, 3.82, 0.024
-30.306987822655174, 38.33472773339015, 8.977076374337859, 49.70178926441351, 0.6203596068031649, 0.7007099427758605, 1.0, 644.022720515632, 5.173536707309915, 3.95, -0.002
-75.46114231435422, 70.39841444202713, -34.440236006741, 108.8139281828074, 0.9999999999999999, 0.7180187334416845, 0.4290327689782722, 16963.916227475875, 170.9641683246902, 2.1, 1.37
-13.293141017308699, 9.451760535288276, -11.903757180192482, 20.21018593371059, 0.9999999999999989, 0.7708525204438527, 0.5287604939805054, 635.7666753445043, 27.265838735941106, 2.01, 1.151
-26.64121916418935, 21.911756932301934, -16.15716658611367, 38.109756097560975, 0.7134690227462827, 0.7687597930359408, 0.9999999999366487, 908.3003478123567, 8.443506339210034, 3.0, 0.14
2.079933346620237, -23.05107258867435, -41.46207263979575, 47.48338081671415, 0.5528958079557048, 0.6489892584620777, 1.0, 841.8610335608487, 4.288665336892169, 3.56, -0.12
-64.80239595976855, 98.9960907904264, 59.107372779966155, 132.27513227513228, 0.9999995749855133, 0.9133812986133635, 0.8646955652627735, 28256.18666296212, 103.87232327660497, 1.97, 0.636
-16.08224970793708, 3.14532339500506, -19.040560599185447, 25.13826043237808, 0.6810372354160135, 0.7456451962243967, 0.9999999999954685, 256.3466133882543, 4.064586188434182, 3.47, 0.093
-38.277055757223025, 19.505049911524473, -23.31451214114766, 48.899755501222494, 0.5638839517152688, 0.657685247368433, 0.9999999999999998, 852.649451882239, 4.5792856794616235, 3.61, -0.1
-308.2769177045757, 266.58923534259657, -21.825462802884342, 408.1632653061224, 0.9999999999999999, 0.6487147931454066, 0.31770287761608573, 51265.473522995635, 381.9786765179235, 3.77, 1.69
-58.81457155042699, 47.592646930999024, -7.455866478170787, 76.04562737642586, 0.9999999993003227, 0.8780357100901875, 0.7684241799755078, 1535.6973549335303, 28.115845415051638, 3.93, 0.758
-23.117008017093212, -2.894791136435714, -33.5160461007641, 40.83299305839118, 1.0, 0.7869054755731487, 0.5608163630412618, 459.38792083191146, 21.83193761261904, 3.89, 1.088
-9.196561262977411, -22.392224445601173, -43.12093837571426, 49.45598417408507, 0.7055295024171377, 0.7629087876915535, 0.9999999999782011, 1708.4207570124604, 11.29840629818533, 2.88, 0.128
-46.9900547936586, 5.495568340700128, -48.086297566291805, 67.47638326585695, 1.0, 0.6612033091045744, 0.33685710189572704, 4349.71432260428, 106.41723422403514, 2.54, 1.63
-61.81828170077188, 48.189757972364916, -5.786577320722181, 78.61635220125785, 1.0, 0.8897590245553039, 0.7999516323182866, 4199.358183367843, 44.2260874072534, 2.91, 0.716
-82.27804855171962, 48.247978092459505, -28.954115151687862, 99.70089730807578, 0.9999999999999998, 0.6828470095066588, 0.370433423661524, 4629.725859590716, 101.524859147021, 3.32, 1.528
-23.558907497535984, 14.173602553081448, -7.257142881700723, 28.457598178713717, 0.619755894198011, 0.7002781646158363, 1.0, 1170.9911898048274, 6.9588845834072055, 2.09, -0.003
-28.32726820718017, 18.315559081826194, -6.750373673191339, 34.42340791738382, 1.0, 0.8161038544840915, 0.6218418396198859, 357.9850320479276, 17.310942783614262, 3.79, 0.98
-5.163430544086623, -5.110758791928459, -12.087239216565857, 14.112334180073384, 0.9999998181291904, 0.942006146546027, 0.9460177832460482, 59.6149035844862, 4.21864450498317, 3.8, 0.543
-37.656387837213515, -23.52292233928659, -65.54075254582891, 79.1765637371338, 0.9999999999999998, 0.6644959012661715, 0.3419018799278853, 2057.5502041726554, 72.31346243135837, 3.7, 1.614
-150.6884571349783, 99.46584908094619, -18.151422331409098, 181.48820326678768, 0.9943256683326878, 0.9566605793623648, 0.9986701638955955, 62784.7174582797, 125.475548460744, 1.79, 0.481
-50.801139228075044, 5.226113587937451, -39.93566155193783, 64.85084306095979, 0.9999999999881546, 0.8412429949353892, 0.6796452756993764, 1499.6447603747986, 32.1281664817784, 3.61, 0.887
-54.00867004250813, 5.653292725358751, -41.09191845822747, 68.11989100817439, 0.574291303692711, 0.6649485890422305, 0.9999999999999998, 1481.5115128493674, 6.355114606038018, 3.73, -0.082
-2.048888804140006, -0.5873184252388236, -2.388078995272629, 3.2180209171359615, 0.9999999999830121, 0.8428701673488014, 0.6836076945030446, 3.3368360380419815, 1.5056916058269745, 3.72, 0.881
-139.83488132840102, 79.8059764083725, -15.905420205683665, 161.81229773462783, 0.55, 0.647, 1.0, 16224.83136963483, 18.54444563410264, 3.01, -0.125
-5.961979060229169, -1.9504583589124949, -6.489389418845898, 9.043226623259178, 1.0, 0.8332256922032046, 0.6615164870563813, 31.68137125026062, 4.812096546474287, 3.52, 0.915
3.529798791891153, -21.875155980011357, -21.06735990726686, 30.57169061449098, 0.9999999999999941, 0.7753240147351322, 0.5377860711036662, 269.6472861095803, 17.459650591232883, 3.84, 1.133
-406.234149872982, 144.82843632539385, -136.8316929268476, 452.4886877828054, 0.6357519646722599, 0.7114792870656061, 0.9999999999999766, 59070.76490120139, 52.51995929644833, 3.84, 0.022
-101.0157021107425, 24.826374257990842, -45.68720411336875, 113.63636363636363, 0.5612376111617554, 0.6555544119753435, 0.9999999999999999, 4160.943297827934, 9.96939566865593, 3.72, -0.105
-151.04425136286955, 74.19602567648778, -28.167991194186786, 170.64846416382252, 0.9429587566698645, 0.9240063563568824, 1.0, 8961.11209279609, 43.639803552079414, 3.77, 0.425
-98.36148287219294, 24.192354970073776, -43.785956445447695, 110.37527593818984, 0.5845379896351192, 0.6734351970329464, 1.0, 3419.0129562416423, 10.175895131971119, 3.87, -0.063
16.92561998429028, -49.01782351420608, -40.28519983931049, 65.65988181221273, 0.9999999999999998, 0.6694627589052907, 0.3494738345445758, 2122.058417187513, 72.11107446747704, 3.26, 1.59
-100.72479030165778, 23.848599764163435, -44.61620577024111, 112.73957158962797, 0.5720491898863869, 0.6633864398644201, 1.0, 9126.618608951243, 15.596193432280732, 2.85, -0.086
-104.57114750424444, 24.09508816293795, -45.76439816117309, 116.68611435239207, 0.5806929886582595, 0.6701663501512333, 1.0, 4810.558474404452, 11.84097408288524, 3.62, -0.07
-275.0345451383946, 87.77068589166102, -85.80208419460838, 301.20481927710847, 0.8107874654803422, 0.8368135279956114, 1.0, 65747.76201601244, 91.99451364640593, 2.84, 0.271
-149.9858413193797, 62.555692093527256, -28.521719597595425, 165.01650165016503, 0.55, 0.647, 1.0, 18672.905252035023, 15.60745892707559, 2.9, -0.199
-43.882631701206265, -20.569520847677484, -47.38408550232843, 67.79661016949153, 0.9999999999999999, 0.6698800528717359, 0.35011127321702934, 2955.10625570429, 84.96621662446867, 2.97, 1.588
-498.8516052759478, 177.80323876824554, -121.96364548620024, 543.4782608695652, 0.6318108232975714, 0.7086332240621575, 0.9999999999999829, 74906.84335530754, 58.29856516158251, 3.98, 0.016
-98.98848361708042, 2.8107166312742535, -55.42590761827812, 113.50737797956866, 0.5644466839058004, 0.6581089910554506, 0.9999999999999998, 5523.385113096753, 11.688968450839115, 3.41, -0.099
-33.12363012681999, -2.709001721753832, -21.527612012607097, 39.61965134706815, 0.6421042363418706, 0.7165926536361529, 1.0, 424.59848550613094, 4.559405925139414, 3.91, 0.032
-151.9257741732963, 75.23958181212166, -8.63002234524227, 169.77928692699493, 0.6068024875078482, 0.6902703207034071, 1.0, 7446.060358393632, 16.602450155097877, 3.96, -0.025
-9.760581527007162, -22.767102540469313, -25.983772793703817, 35.90664272890485, 1.0, 0.7876936951572916, 0.5623999894608696, 368.55876407089943, 19.498343426592356, 3.85, 1.085
2.754615550174094, -37.2903147571484, -33.27158023478849, 50.05005005005005, 1.0, 0.8332256922032046, 0.6615164870563813, 1156.0221996189819, 29.06801889622662, 3.33, 0.915
-22.267153658710413, -31.316548379980077, -38.96319326538399, 54.734537493158186, 0.5597284234783514, 0.654266391804479, 0.9999999999999999, 1128.9638795758422, 5.1473235147993925, 3.55, -0.108
-43.230998456666384, 0.6910671584594166, -18.963156580874983, 47.23665564478035, 1.0, 0.8158495059418054, 0.6212327269340551, 766.8588357102689, 25.362414184647395, 3.65, 0.981
-43.53971958528109, 1.508153925924809, -17.490500442321668, 46.97040864255519, 1.0, 0.8153384387057749, 0.6200135308391034, 678.900016175516, 23.91245747560252, 3.77, 0.983
-34.36907439866718, -49.223652039389044, -58.280750309238144, 83.68200836820084, 1.0, 0.6960128758427577, 0.3917944325666107, 1792.3438554511852, 60.23140234360366, 3.97, 1.468
-44.90694150659874, -0.20097452827693196, -17.993215420899165, 48.402710551790896, 0.9999999999986573, 0.823040201661136, 0.6387369309121372, 675.9218838680686, 23.10915520154328, 3.84, 0.952
-44.65917686594548, 1.8740507518815157, -16.081859054949636, 47.528517110266165, 1.0, 0.8070901843080477, 0.6013169487630536, 867.0929815040039, 27.88670194022699, 3.53, 1.014
-42.36965811569826, -0.2568504098484734, -17.012386981627248, 45.682960255824575, 0.7412261977059921, 0.7885746081741677, 0.9999999993456885, 902.9539844920744, 9.097450341831054, 3.4, 0.179
-4.4056040634413876, -40.17197985330595, -35.63070845117903, 53.87931034482759, 0.575928959400316, 0.6661595583890447, 0.9999999999999998, 1377.213268348673, 6.179160239005542, 3.3, -0.079
-30.338450477660444, -37.3809612389912, -42.1811342636625, 64.02048655569783, 0.999999999998772, 0.8217993092608783, 0.6357283981172739, 1215.6122917119467, 31.152272449915383, 3.81, 0.957
-18.718612640435822, -0.31768050502665, -6.861391313776567, 19.964064683569575, 1.0, 0.680632348517388, 0.36688799102843744, 1772.7809593890947, 63.316706776102144, 0.87, 1.538
-145.1280052361617, -50.781755867307226, -93.27146485645413, 179.8561151079137, 0.55, 0.647, 1.0, 8590.2847244738, 10.176667643193989, 3.93, -0.21
-23.21519242929662, -14.111634865315764, -19.5892247902687, 33.51206434316354, 1.0, 0.7884845240293719, 0.5639886015488397, 318.09694948984406, 18.06192061640912, 3.86, 1.082
-7.218510923087706, -1.4660882798384538, -3.125705756083935, 8.025682182985554, 0.9959152418247508, 0.9572638315048538, 0.9975177985315877, 33.81590830965903, 2.924620396366879, 3.19, 0.484
-345.4624901705756, -78.97548068123761, -153.21111827275982, 386.1003861003861, 0.55, 0.647, 1.0, 49837.65664846581, 29.394552622995953, 3.68, -0.157
-359.7098371209431, -104.84103953227654, -170.14378021995626, 411.52263374485597, 0.55, 0.647, 1.0, 55073.74313679804, 28.727190568628767, 3.71, -0.179
-153.99529792723115, 25.51879798126413, -16.449901263146085, 156.98587127158555, 0.9999999999999999, 0.6912448959047434, 0.38402262032601736, 20505.87365717518, 207.3465749345694, 2.69, 1.49
-596.8231948600132, 184.90108012475093, 14.383063111198343, 625.0, 0.9999300237257526, 0.9439317562630355, 0.951338354613725, 237638.70474897497, 264.1631741659808, 3.03, 0.537
-233.30654387477443, 62.438644943098595, -1.2093595417956315, 241.54589371980677, 1.0, 0.7701201568426485, 0.5272491116784397, 19326.644565442926, 150.7522135476655, 3.69, 1.154
-42.65121820521381, -40.05212119320748, -37.465508627958314, 69.49270326615705, 1.0, 0.6977392101498971, 0.3946240705471681, 2535.336180261782, 71.17571012165394, 3.19, 1.46
-65.0358492146388, 17.003891559939813, 0.48541528867471584, 67.24949562878278, 0.55, 0.647, 1.0, 2396.2669884832067, 6.634476211595266, 3.18, -0.148
-22.258783068323282, -10.538122590389822, -11.591154030417028, 27.240533914464724, 0.7282217468698808, 0.779167210847949, 1.0, 568.3140237992928, 6.966787214643255, 2.78, 0.161
-39.433986413763705, -29.953941348280168, -27.224279662745747, 56.529112492933855, 0.5587129028739252, 0.6534021911654269, 1.0, 1530.035389415508, 5.956979939266487, 3.29, -0.11
-187.2532546128732, -104.6990936229838, -100.58637653084254, 236.96682464454977, 0.6037229368664943, 0.6878695820585299, 1.0, 471554.87604838586, 130.43431652945924, 0.18, -0.03
-12.276951819842907, 3.859278193543606, 1.0615807063610205, 12.938284383490748, 0.9999999999401202, 0.8666049449911778, 0.7420018925621773, 1541.3828668518856, 29.402495957939436, 0.08, 0.795
-137.01692303446907, -73.62477280272458, -68.71382843365721, 170.06802721088437, 0.5559836674530505, 0.6512163526920672, 0.9999999999999998, 10505.155606883513, 15.378714202866272, 3.59, -0.115
-235.14676231027624, -108.87875000175346, -95.65112891872975, 276.24309392265195, 0.55, 0.647, 1.0, 34573.23362078896, 18.23911429882505, 3.35, -0.24
-68.56711708561761, -20.860808701474745, -20.30531527966177, 74.51564828614009, 0.55, 0.647, 1.0, 12152.12170061322, 11.494886908909084, 1.64, -0.224
-40.04635870360107, 1.4031079549853, -2.52190995825676, 40.17677782241864, 0.55, 0.647, 1.0, 3500.3167698179714, 8.482750279234308, 1.65, -0.13
-31.48464313532895, -29.91285315575858, -22.22880621765865, 48.80429477794046, 0.9999999997400801, 0.863344068568148, 0.7333171029241584, 1774.488646902418, 31.982492363961942, 2.81, 0.807
-36.667098157277906, -63.08145777991939, -43.50633977089859, 84.96176720475786, 0.9999999999999933, 0.7760807025620894, 0.5392895561854363, 2044.5805083677867, 47.941421192174936, 3.86, 1.13
-244.87661183201817, -108.20392919365466, -84.96168967956889, 280.8988764044944, 0.55, 0.647, 1.0, 98459.39116903285, 38.93276586950122, 2.25, -0.175
-269.5968813688869, -233.57227233327222, -166.57569937948585, 393.7007874015748, 0.7649333143579459, 0.8047353792047813, 1.0, 142721.6009470136, 121.57308223899841, 2.58, 0.211
7.6868143939937, -267.65044769794275, -172.41969824036778, 318.4713375796178, 0.9999997973832939, 0.9121990674474629, 0.8614033424107439, 31499.07828135017, 110.23214964673053, 3.76, 0.64
-305.84220967420697, -82.20788171091628, -66.47551068974145, 323.62459546925567, 0.55, 0.647, 1.0, 45734.10484536962, 27.885198315257988, 3.39, -0.16
-333.5854862159158, -188.72120358305366, -135.39872798286888, 406.5040650406504, 0.55, 0.647, 1.0, 130102.88519423474, 39.60456757060283, 2.75, -0.21
-355.8734093940275, -167.4184244481619, -121.06654549783475, 411.52263374485597, 0.55, 0.647, 1.0, 353952.18260692596, 71.59631333086327, 1.69, -0.184
-126.6379420629255, -12.609094423997213, -12.234537186120122, 127.8772378516624, 0.55, 0.647, 1.0, 10513.410835170238, 13.896673587526374, 2.97, -0.148
-300.2115829897757, -151.63295557536048, -104.15275586979895, 352.11267605633805, 0.55, 0.647, 1.0, 38152.276931881206, 23.024509121546057, 3.77, -0.19
-37.37624805915493, -61.61333539381922, -39.594438042638885, 82.23684210526315, 0.5528958079557048, 0.6489892584620777, 1.0, 5838.348189378227, 11.293978316620704, 2.65, -0.12
-215.2081380373147, -106.99681202685254, -70.98838615066023, 250.62656641604008, 0.55, 0.647, 1.0, 125375.11677280301, 40.44193521909616, 1.74, -0.199
-5.580421758619195, -5.959976571886148, -3.672873424095627, 8.96941429724639, 0.9943256683326878, 0.9566605793623648, 0.9986701638955955, 29.2203430961977, 2.7069160433792474, 3.59, 0.481
-15.53522721785157, -12.766262077631705, -7.611147840925481, 21.51925973746503, 0.688806213767012, 0.750537886268918, 1.0, 174.50657585829472, 3.433670742825391, 3.55, 0.104
-3.3450832566577446, -16.251188249496593, -9.808616570973706, 19.2789666473877, 0.7354859214765858, 0.784353204358418, 0.9999999999578416, 106.2489497704239, 3.0723306781272015, 3.85, 0.171
-173.03309050784264, -118.88095629437203, -69.7446609927768, 221.23893805309737, 0.55, 0.647, 1.0, 72090.87093129076, 34.10158572191859, 2.07, -0.168
-11.261134574457174, -20.597132215845928, -11.960656404782927, 26.35740643120717, 0.9999999999999976, 0.7720817925931298, 0.5312728153659926, 389.011543548161, 21.22859497706548, 3.12, 1.146
-22.209768242280916, -22.85939563494607, -12.959994776622981, 34.42340791738382, 1.0, 0.8150817478971674, 0.6194035800151683, 368.0144474305975, 17.62371936656623, 3.76, 0.984
-64.81526516576741, 9.300376947043638, 7.377119756356986, 65.91957811470007, 0.9999999999999938, 0.7755759185195502, 0.5382870927914852, 1112.20791225295, 35.42592093333035, 3.97, 1.132
-121.84406245654645, -43.82667912599695, -20.097220989933184, 131.06159895150722, 0.9999999999999999, 0.6890526957595017, 0.3804619018048004, 112488.48455178259, 489.5116981703968, 0.45, 1.5
-10.955550305495308, -9.125356722553, -4.7384483357592835, 15.044380923724988, 0.8650864114638478, 0.8727913430274238, 1.0, 73.60474023806029, 3.4428832334259005, 3.71, 0.337
-50.98233948577035, -135.6071144422255, -74.39271150796561, 162.86644951140067, 0.9999999999999976, 0.7720817925931298, 0.5312728153659926, 6852.048047178947, 89.0943587905995, 3.96, 1.146
-38.824703576176944, 14.962012792710711, 11.019067726676667, 43.06632213608958, 1.0, 0.8081822975476001, 0.603676757429627, 597.6304415907817, 23.058635054364725, 3.72, 1.01
-24.132515995996073, 5.377673696848666, 4.610731293094279, 25.17623363544814, 0.670505501595611, 0.7382033750784786, 1.0, 1091.7888689399904, 8.100181989847966, 1.9, 0.077
-52.440867087024344, 5.20308788621767, 6.357321476883268, 53.10674455655869, 0.5737372140330474, 0.664554514987399, 0.9999999999999998, 2434.7619264727546, 8.124105194801716, 2.65, -0.083
-160.14167956084202, -109.62286785424963, -37.22829329914782, 197.62845849802372, 1.0, 0.7303399970660872, 0.4509717965038874, 9814.22721157254, 124.522659644568, 3.99, 1.319
-105.64958011728413, -16.461939436528596, 4.975170307013489, 107.06638115631692, 0.9999999999999998, 0.6673856027307121, 0.34630643345793244, 5388.444194487875, 115.78830416612975, 3.31, 1.6
-52.26551107370324, -82.01392058253919, -34.1668028633499, 103.09278350515464, 0.55, 0.647, 1.0, 6525.498187323374, 10.533203690609303, 3.02, -0.16
-33.090875798973684, -59.694653754487106, -25.0805714507134, 72.72727272727273, 1.0, 0.8491830910571762, 0.698727157808799, 1511.999841246051, 31.25547614843826, 3.85, 0.858
-103.05623799912428, -106.86867177169378, -37.47894242105005, 153.1393568147014, 0.55, 0.647, 1.0, 37525.87083213463, 19.00199214331877, 1.98, -0.24
-69.82609154600868, -11.975750810935505, 5.345902117238779, 71.07320540156361, 0.9999999999999999, 0.663055168677662, 0.3396997922002002, 3560.975183092629, 95.63658497484248, 2.87, 1.621
-13.321966402716498, -85.66883215133988, -40.92820946091446, 95.87727708533077, 0.7304059722919074, 0.7807087714616161, 1.0, 161282.9747324409, 118.06291997066273, -0.62, 0.164
-168.25996196704, -125.2030638056173, -29.838587982227548, 211.86440677966104, 0.5571206974352692, 0.6520955272061681, 1.0, 13940.332888483925, 17.82153723256495, 3.76, -0.113
-12.802854855998703, -14.585722523093457, -4.022528070343064, 19.837333862328904, 0.9999999999999053, 0.8007265072211577, 0.5882509708406838, 102.59442151501251, 9.815150894856401, 3.95, 1.037
-30.640504242197494, -9.245472725184705, 2.5731328849325443, 32.13367609254499, 0.6221928207842583, 0.7020024699189048, 1.0, 1730.126926583175, 8.542569489331749, 1.93, 0.001
-37.75292840031943, -115.4713399628535, -45.404864322374394, 129.70168612191958, 0.5622647820244037, 0.6564087292490849, 0.9999999999999999, 8995.97802309872, 14.744832500628059, 3.17, -0.103
-269.1856793241968, -45.24464244150505, 47.024001297210205, 277.0083102493075, 0.9999999999999999, 0.7163588399200027, 0.4261352639364546, 45409.08366147359, 281.3601139156283, 3.06, 1.377
-1.7435970014703344, -1.9125783700914165, -0.40301202966264427, 2.6370612589330453, 0.6272372663589538, 0.7054778727676422, 1.0, 259.6555315831588, 3.3747727922941455, -1.44, 0.009
-16.320471561440172, -6.191233053524074, 1.4184185446311233, 17.537706068046298, 0.9594501126112182, 0.9346868442408472, 0.999854143620123, 139.34863405206983, 5.591036633733865, 3.35, 0.443
0.9221651742072936, -27.679788728512346, -12.390768222968688, 30.339805825242717, 0.775634763099243, 0.8117978428218127, 0.9999999969543324, 461.5117216183234, 7.095480237400438, 3.24, 0.225
-108.89848168932076, -207.66238032341772, -60.323754739093275, 242.13075060532688, 0.5553915648820166, 0.6507742432163194, 1.0, 23134.335981837852, 22.75353027850926, 3.5, -0.116
-8.967922065070525, -51.579767119853216, -19.928268698943032, 56.02240896358543, 0.9999999999999997, 0.757375832045133, 0.5007778712385158, 2074.3436250932996, 51.85576783598685, 2.94, 1.207
-58.113091651251125, -2.1386346329639814, 15.76542086553329, 60.27727546714888, 0.6873809486063511, 0.7495940666778627, 0.9999999999989146, 1307.568259720194, 9.359058509367616, 3.6, 0.102
-342.5068177633566, -488.4942511748718, -106.55355129939663, 606.0606060606061, 1.0, 0.6380069642090951, 0.3031553021412515, 101202.03685470657, 556.5409227713074, 3.89, 1.74
-65.1332134148397, -111.98137069123484, -25.785298560540685, 132.1003963011889, 0.55, 0.647, 1.0, 43447.55912537223, 22.803768152197005, 1.5, -0.211
-188.3122128847881, -315.26613500995165, -66.06791895764539, 373.13432835820896, 0.9999999999999998, 0.640374488293519, 0.30618813979884546, 55448.21296045329, 408.6972881063101, 3.49, 1.729
-441.04673905014715, -642.6585586115714, -111.55938660565114, 787.4015748031496, 0.5770010073220552, 0.6670008120154469, 1.0, 380670.9184978966, 103.30748860174634, 3.02, -0.077
-284.9468435163326, -463.20590862791096, -78.27074603997512, 549.4505494505495, 1.0, 0.9032383417952892, 0.8356397603185325, 554644.0595991986, 480.98005024251637, 1.83, 0.671
7.928209075943414, -38.86773693832893, -17.71835220730656, 43.440486533449175, 1.0, 0.8092676771718991, 0.6060592578371946, 575.369058620733, 22.534063046735596, 3.78, 1.006
29.31859804184569, -184.42087636591225, -78.15677759223917, 202.42914979757083, 0.9999999997390814, 0.8774189185034716, 0.7669743263216707, 10488.255151619738, 73.64930317553942, 3.97, 0.76
-118.01919998606536, -307.2531273403036, -65.33174609562533, 335.5704697986577, 0.9999999999999999, 0.6640841158826903, 0.3412731366664709, 91986.60994286313, 484.24239386719785, 2.71, 1.616
-26.24481708260464, -10.047383732672252, 6.6823817968605645, 28.910089621277823, 0.6902328966522471, 0.7515136114381316, 1.0, 306.3769002250039, 4.569079791068109, 3.58, 0.106
-16.635584233108602, -4.776690335978281, 4.978798539045094, 18.034265103697024, 0.897536301070165, 0.893668213591526, 0.9999986901709542, 128.33763767668924, 4.825831159242009, 3.5, 0.374
-448.295386718235, -864.9653871047867, -109.59482742095848, 980.3921568627451, 0.5737372140330474, 0.664554514987399, 0.9999999999999998, 997600.8221274625, 164.44689829472847, 2.45, -0.083
-35.73668124478172, -6.858433509838042, 12.83285871151838, 38.610038610038615, 0.9999999999999382, 0.804335636035776, 0.5955359131523679, 454.52483071498887, 20.393597723843673, 3.78, 1.024
-44.42274036053641, -25.184019595894807, 10.678488857911365, 52.19206680584551, 0.5655977999186519, 0.6589519114808837, 1.0, 1885.2377713846959, 6.868657833038509, 2.89, -0.097
-13.593094208521507, -53.45545321143692, -11.600443067850819, 56.369785794813986, 0.9999999999999999, 0.6870642422493233, 0.3772376241802533, 1578.5193533593938, 58.401981062657356, 3.25, 1.509
-14.439231399428536, -1.8913342927958032, 6.080167718128308, 15.805278963173699, 0.6433402546551756, 0.7176479156440192, 1.0, 577.7786276065115, 5.34365232189915, 1.58, 0.034
-65.3879144884686, -122.82327992295454, -5.754804128709328, 139.2757660167131, 0.55, 0.647, 1.0, 5806.417414868089, 9.968322985557418, 3.8, -0.159
-2.8061152419068094, -1.8907169663406285, 0.7951384822183059, 3.497359493582345, 0.9494027125261534, 0.9283091891201521, 1.0, 83.87599658965476, 4.266855700793476, 0.4, 0.432
-29.824167152500195, -32.234368850313594, 5.1000367646351386, 44.228217602830604, 0.999999999999955, 0.8048888291797739, 0.5966782391338055, 514.7021912793774, 21.658323514895706, 3.94, 1.022
9.551977600812279, -36.7971205946288, -15.505366485761582, 41.050903119868636, 0.9999999999999039, 0.8018382178788898, 0.5904693122204635, 447.5098243413881, 20.41791682290868, 3.93, 1.033
-39.179500621069565, -11.141689344306034, 16.561316971819938, 43.994720633523976, 1.0, 0.8283010748095538, 0.6508966795421006, 716.0746022754552, 23.292899027758878, 3.57, 0.932
-127.9207385957634, -402.8006281236093, -49.58361073369677, 425.531914893617, 1.0, 0.6453168457860166, 0.31282118447167045, 63976.6384964757, 431.73675956300536, 3.62, 1.706
-9.233927392738224, -2.0094415127208913, 4.130063419386051, 10.336985734959686, 1.0, 0.8132645919326953, 0.615133418475411, 363.8689317708173, 17.649703626009117, 1.16, 0.991
-197.4105786181226, -362.9743812834058, 4.637833015075234, 413.22314049586777, 0.9999999999999996, 0.7546490126072086, 0.4955765584187771, 78077.59185592805, 321.3245685248981, 3.34, 1.218
-26.55442482844137, -101.5383449132414, -12.555673726317817, 105.70824524312896, 1.0, 0.807637035482427, 0.6024937962701483, 3633.9158742103045, 56.97426112553059, 3.71, 1.012
-6.755571187592068, -115.69718965323236, -25.294394061579222, 118.62396204033215, 0.55, 0.647, 1.0, 5761.054618662599, 9.354292522090779, 3.46, -0.177
-103.7173883839132, -414.9884875501832, -34.94439085028574, 429.18454935622316, 0.55, 0.647, 1.0, 238476.34114045446, 42.60851002309371, 2.21, -0.269
-8.631816087430707, -17.10996013209106, 1.4984238870163686, 19.234468166955182, 0.9740086295804932, 0.9439954134625258, 1.0, 270.59359155952654, 7.966046564438059, 2.83, 0.458
-32.06259981275616, -253.4038922078327, -34.387658583199084, 257.7319587628866, 0.55, 0.647, 1.0, 131369.24099227457, 49.592937113650414, 1.75, -0.145
-67.61171320376343, -46.11967061012381, 35.034738855140645, 89.04719501335708, 0.9999999999999999, 0.6932020627580129, 0.38720681419444275, 3043.6704603649787, 79.31177154599843, 3.53, 1.481
14.051232697199339, -188.60159965275034, -42.315320021795245, 193.7984496124031, 1.0, 0.7600555972580227, 0.5061195484516912, 67120.89497490917, 292.0369913265428, 1.86, 1.196
-24.31071315850204, -26.855742803444983, 12.47253990900337, 38.328861632809506, 0.614473924196518, 0.6963210558740953, 0.9999999999999981, 397.38272512795606, 3.9639300814571343, 3.91, -0.012
5.676195730194195, -31.334821908672094, -9.05145096097033, 33.101621979476995, 0.9999999999999938, 0.7755759185195502, 0.5382870927914852, 337.17525245797447, 19.505451363959757, 3.77, 1.132
-41.796865971804436, 18.67895748759565, 32.74586290471828, 56.306306306306304, 1.0, 0.8497542241401813, 0.7000250824155693, 1436.386183460489, 30.396887720743408, 3.35, 0.856
-28.210271421861762, -115.36121321848867, 8.173326420065905, 119.04761904761904, 1.0, 0.8271952714433738, 0.6484393145992396, 3627.4260688501654, 52.64661882834867, 3.97, 0.936
0.6398462281931643, -150.6760881386492, -17.969590500390805, 151.74506828528072, 0.55, 0.647, 1.0, 8286.789607261111, 11.561857019764798, 3.6, -0.168
-78.32608826246542, -947.9000303580062, -48.742813199143825, 952.3809523809523, 1.0, 0.9035423817386095, 0.8364629315347177, 279112.02251408726, 340.77513535555124, 3.77, 0.67
-66.64863600902572, -248.96411797345235, 26.213967192651584, 259.0673575129534, 0.55, 0.647, 1.0, 22437.91676042131, 18.27418052502474, 3.68, -0.18
-30.836103045710843, -16.458853840821167, 22.738890481663372, 41.71881518564873, 1.0, 0.7882206139970908, 0.5634585348826869, 457.95317446511274, 21.69276911562378, 3.94, 1.083
0.8981453059441264, -24.23187325486463, -3.1389979946556608, 24.449877750611247, 0.6489303077056002, 0.7222133006404983, 1.0, 1001.6373853623255, 7.18478550036607, 1.93, 0.043
-38.34785341175393, -474.39918573481424, -15.171714271273597, 476.19047619047615, 0.6311524477226098, 0.7081728550868206, 0.9999999999999857, 63638.29748184942, 53.605686645846255, 3.87, 0.015
-27.52043505236361, -23.753176654733135, 19.859520402741776, 41.44218814753419, 0.9999999512173228, 0.8988080827734309, 0.8242787380434121, 756.9069588665249, 18.079173777128513, 3.38, 0.685
12.526982583032805, -93.4063760612227, -16.62196455682491, 95.69377990430623, 0.5617474038568959, 0.6559819426367238, 1.0, 2641.949798346717, 7.967236851710236, 3.84, -0.104
-29.43408444493707, -26.9017558556531, 23.319355323763713, 46.21072088724584, 1.0, 0.8166101110905332, 0.6230587596065708, 1206.8203616071817, 31.719012605874767, 3.11, 0.978
-10.90164912552973, 1.6344829449308342, 9.59911108704366, 14.637002341920375, 0.7741153464255771, 0.8107555862137503, 0.9999999988095338, 119.96689721227689, 3.6042748244552962, 3.12, 0.223
-12.312064083320365, 0.042308490064490556, 10.850693382156585, 16.43115346697338, 0.9791705349912283, 0.9474643259746236, 1.0, 69.74181505536102, 4.07396736044058, 3.96, 0.463
8.175800246395738, -36.22200128477061, -8.597163499491579, 38.109756097560975, 0.7168424019945149, 0.7711787366696204, 0.9999999999749649, 361.60088148033446, 5.381827376894821, 4.0, 0.145
-95.89185829379494, 12.439443730061576, 86.41429558876355, 129.70168612191958, 0.6259555015725233, 0.7046002818916838, 1.0, 6223.6962100858, 16.442030232014876, 3.57, 0.007
-2.954428124563492, -94.73957344075014, -0.22505719870932595, 94.78672985781989, 1.0, 0.7653164281238356, 0.5171217645483489, 2816.126910310417, 58.62291481329925, 3.75, 1.174
-12.394658626426462, -175.09233308700198, 8.681464903315902, 175.7469244288225, 0.9999999999999998, 0.6539595594247725, 0.32562674304193817, 39258.40121309825, 328.1621870029222, 2.23, 1.665
17.02129288584365, -126.1632685834443, -16.51642585605109, 128.36970474967907, 0.55, 0.647, 1.0, 6935.571072753312, 9.816829818376124, 3.43, -0.19
26.741220376654383, -148.59838744651637, -25.622504212222825, 153.1393568147014, 0.55, 0.647, 1.0, 6058.021068022202, 9.49537310419275, 3.96, -0.18
9.092053788650446, -31.73591566585846, -8.503635290262537, 34.08316291751875, 0.6662204268170715, 0.7344809097114419, 1.0, 2473.0729251671664, 12.003308560246557, 1.67, 0.07
-21.847145249036657, -25.02381486306058, 21.276711559366593, 39.46329913180742, 0.5862878779840431, 0.6748000553823671, 1.0, 429.0855810650598, 3.634421146977215, 3.89, -0.06
30.958836418704777, -208.4341169597473, -25.995151337547032, 212.31422505307856, 0.7484216103157498, 0.7938148363512625, 0.9999999991753189, 58360.005969023434, 74.56456127877497, 2.21, 0.189
-26.394817089938442, -3.1633872479910146, 26.256463492271745, 37.38317757009346, 0.6637681649453165, 0.7323998815954074, 1.0, 410.68568876634475, 4.8479187379797875, 3.82, 0.066
-47.44889010483803, -8.594566267939587, 48.0230371476155, 68.07351940095303, 0.9999999999999999, 0.6779935752419022, 0.3626976703255895, 2547.496232022265, 76.61326854093345, 3.14, 1.55
16.907575943671873, -164.10568024345528, -10.241958865420937, 165.28925619834712, 0.55, 0.647, 1.0, 27838.536009940894, 23.119064782963445, 2.47, -0.141
-22.585563976212143, -41.75035494382288, 26.443951494781242, 54.34782608695652, 0.9999999999999999, 0.7020734531593984, 0.4017848178112139, 4682.971296776418, 95.17790526435253, 1.99, 1.44
-1.0003602077586038, -18.35069310026845, 2.5562275781005432, 18.5563184264242, 0.8948728870701592, 0.8919065286888559, 0.9999980411202976, 123.91982022549722, 4.719511348004628, 3.6, 0.371
10.393033199590718, -71.95423086032655, -5.247739665251572, 72.8862973760933, 1.0, 0.680632348517388, 0.36688799102843744, 2867.1401284970325, 80.52212705631719, 3.16, 1.538
-14.987022385483215, 8.468264955608888, 15.450416723867857, 23.148148148148145, 0.8850494242773772, 0.8855738521338461, 0.9999976852359671, 184.15760076707807, 5.6531061948761465, 3.65, 0.36
-9.07420431540504, 2.366421957400431, 9.667044659439991, 13.486176668914363, 0.9902750784747902, 0.9545894902073235, 1.0, 97.2601267414844, 4.89589001629775, 3.17, 0.475
-37.611178562568966, -57.034039240522446, 49.759206990169005, 84.53085376162299, 1.0, 0.7317752548217933, 0.4535887563743598, 1950.6872827010823, 55.22940776397101, 3.9, 1.313
-21.820677634545063, -21.61468529595734, 27.82767875541138, 41.45936981757877, 1.0, 0.9514552209715902, 0.9709314293927462, 665.8900644527772, 13.581332075944163, 3.52, 0.516
104.802785007475, -447.36947122522747, -56.72053812806206, 462.96296296296293, 1.0, 0.8081822975476001, 0.603676757429627, 70998.57621610642, 251.32868567754872, 3.69, 1.01
-45.54503932769967, -23.111036714950913, 57.420984987130566, 76.86395080707149, 0.9999999997430421, 0.8630807714097323, 0.7325940229956407, 3798.4161935191146, 46.845778906689745, 2.97, 0.808
127.39229914257976, -474.7923875895109, -76.60810515393356, 497.5124378109453, 0.8123855400526836, 0.8379004830911688, 1.0, 166634.5400441296, 146.96931486277512, 2.92, 0.273
-22.159835715642657, 10.703588723063298, 25.24686690057629, 35.273368606701936, 0.8272497561695478, 0.8477193963398264, 0.9999998576382941, 379.35954473331503, 7.234909125771652, 3.78, 0.291
-23.710468817514993, -10.626737335085265, 31.414619089153323, 40.783034257748774, 0.9999999999999994, 0.7536504329442072, 0.4937164775580542, 462.5047636654769, 24.82020557144959, 3.88, 1.222
96.12214843148922, -583.8602097528886, 0.839163709397301, 591.7159763313609, 0.5823038223869861, 0.6715730979689752, 1.0, 135638.73558803095, 63.3964252665962, 3.52, -0.067
-317.63070747730126, -263.20677214122816, 506.95377854093084, 653.59477124183, 0.6031089161250801, 0.6873938803825439, 1.0, 171701.57553286708, 78.50384432535195, 3.48, -0.031
-10.685423795478528, -11.307761618681852, 17.940401761543225, 23.75861249703017, 0.5714776499544738, 0.6629981850757674, 0.9999999999999999, 1598.818962181943, 6.509252448065439, 1.36, -0.087
-8.392761904648069, -27.713612974577657, 19.935337299869, 35.16174402250351, 1.0, 0.8089970051039489, 0.6054616997936829, 440.85722007688906, 19.74482761413721, 3.61, 1.007
38.354213906605764, -104.52875126849354, -22.105692098959523, 113.50737797956866, 0.5785854034709969, 0.6683238230761634, 0.9999999999999998, 6168.865836156043, 13.261298953190888, 3.29, -0.074
2.3696185653516295, -30.76250248329182, 6.485226092915006, 31.525851197982348, 0.6541029557380642, 0.7257349629745217, 0.9999999999997625, 284.11278978099386, 3.8975975341411626, 3.85, 0.051
-39.30832178957644, -23.016350644291848, 65.28405945869774, 79.61783439490445, 0.840671593008921, 0.8564618358602124, 0.9999999207163355, 2667.951086606385, 19.71720017368191, 3.43, 0.307
60.10951758571264, -217.06373939893007, -15.13452288532866, 225.73363431151242, 0.9999999999999999, 0.6799702838881654, 0.3658328583886857, 22251.007978337402, 224.84417826863907, 3.39, 1.541
-23.409816122631128, 1.6979317916650416, 33.84594332130497, 41.203131437989285, 0.6402359892182861, 0.7150153431271176, 1.0, 701.4837084326239, 5.819144961442273, 3.45, 0.029
-17.795440240223797, -13.272202136797238, 31.465448545694155, 38.52080123266564, 0.9999999999999932, 0.7765867474898014, 0.5402927589753767, 2309.6584714785217, 50.8583732314018, 2.01, 1.128
-42.03779855541143, 1.5459727748312346, 63.61189732033537, 76.27765064836004, 0.9999999999999999, 0.6667649564699935, 0.3453609086203716, 3443.116824572978, 92.76820456715963, 3.06, 1.603
6.204516290634274, -14.46435543883473, -3.9437840440433014, 16.21533971136695, 0.8930910144429028, 0.8907408347189216, 0.9999977591972496, 66.07075126723747, 3.435176631834251, 3.99, 0.369
-10.880551925036343, -62.38608705651596, 42.19896050528074, 76.10350076103501, 1.0, 0.6986029289719003, 0.39604407360295124, 1686.4225915917334, 57.86213257475042, 3.83, 1.456
83.87145029182466, -308.24673180818513, -5.206135580452379, 319.4888178913738, 0.8488383135344822, 0.8619020026790204, 1.0, 30273.90660575941, 67.54603423348513, 3.81, 0.317
44.96354774665451, -145.4167908244968, -8.502168857895295, 152.4390243902439, 0.5703207545428786, 0.6622166080519607, 0.9999999999999999, 11024.26040386659, 16.995552826911812, 3.3, -0.089
-606.9595035546008, -868.325814722312, 1398.3734202040037, 1754.3859649122808, 0.55, 0.647, 1.0, 887988.6822220915, 127.71524889551944, 3.84, -0.148
5.064837161973628, -25.714239016495412, 4.0752290012089745, 26.518164942985944, 0.8348289260016701, 0.8526405213855083, 0.99999982602919, 202.8822614249146, 5.373015697094268, 3.84, 0.3
44.97521531188795, -126.32908952590469, -11.61551635917338, 134.58950201884252, 0.55, 0.647, 1.0, 14393.934244484828, 12.698405050019323, 2.74, -0.22
7.949592223559193, -34.18669022691274, 5.269205075919711, 35.486160397445, 1.0, 0.837330678569575, 0.6704836196530771, 1047.7922077527473, 27.263210680289728, 2.69, 0.901
-2.8114661571271427, -33.54948882236117, 25.90371516963228, 42.48088360237893, 0.9999999999999993, 0.7511496446739061, 0.48912927110746307, 1019.86860956654, 37.18966429066839, 3.11, 1.232
-12.95264754868549, -2.3031888952161097, 26.88204504570753, 29.940119760479043, 0.9999999999999116, 0.7998930578576934, 0.5865985069745893, 270.8096951377119, 15.99404998546298, 3.79, 1.04
9.283353555425492, -28.18209941486449, 0.2864512853342909, 29.664787896766537, 0.9999999999988849, 0.8248138831039463, 0.6429622252792454, 268.3117160177113, 14.453921633624239, 3.78, 0.945
-11.972734210517956, 7.193092604742171, 19.928182581297488, 24.348672997321646, 0.6427228281011738, 0.7171205728696888, 1.0, 680.9382592873851, 5.787524579814434, 2.34, 0.033
-18.90861350211253, 14.404431851988932, 29.511823681879168, 37.90750568612585, 0.9999999999999987, 0.7941081236058505, 0.5752137302528302, 2689.1037570790177, 51.45289134806838, 1.81, 1.061
622.0457104137486, -1708.0181868376121, 39.38611207190172, 1818.181818181818, 0.9999999999999994, 0.7529003553091966, 0.49233127840306273, 877873.1433338628, 1084.2664754299244, 3.93, 1.225
-19.530398546275137, 4.973338416476317, 40.24944380732245, 45.02476361999099, 0.9999999999999969, 0.7725764063540435, 0.5322759803569792, 1267.8270829363541, 38.252213073774854, 3.0, 1.144
-4.920540890188022, -4.85626662919155, 16.27818021897389, 17.692852087756545, 0.7055295024171377, 0.7629087876915535, 0.9999999999782011, 293.59782607049704, 4.683776748105579, 2.56, 0.128
-13.130320467267666, -19.23475811242801, 49.22894418107829, 54.46623093681917, 0.619755894198011, 0.7002781646158363, 1.0, 1369.0262900332073, 7.524345235853907, 3.33, -0.003
-44.98831235695161, -8.586380254866434, 120.79859937339954, 129.19896640826872, 1.0, 0.7110100402907483, 0.41688714178402114, 6647.758293891924, 109.73565522424202, 3.49, 1.4
1.717949659376245, -43.98301395678481, 40.334875051087266, 59.701492537313435, 0.9999999999999962, 0.7806743843450454, 0.5483716504617102, 1330.8451282855985, 38.02416960937182, 3.56, 1.112
33.48838908433572, -92.08469469920848, 10.360377749687867, 98.52216748768473, 0.55, 0.647, 1.0, 2649.8729836492557, 6.777984581370298, 3.9, -0.157
-4.03192096071416, -9.981508715471879, 21.709627127694898, 24.23654871546292, 0.9411139050645784, 0.9227614930670823, 1.0, 146.25094960298935, 5.55821457620193, 4.0, 0.423
-48.12836983170928, 51.87640043630243, 74.07958379898487, 102.45901639344262, 1.0, 0.6647018578005894, 0.3422161887781036, 3085.0166093610133, 88.47981520684955, 3.82, 1.613
8.574944070660422, -33.90567259983426, 18.662612450566247, 39.63535473642489, 0.9999999999987633, 0.8243015294772443, 0.6417527049591496, 597.4789936962758, 21.613953400719993, 3.54, 0.947
52.04576320409251, -114.30756613563, -3.196911774755012, 125.62814070351759, 0.5955640724400642, 0.681636017293096, 0.9999999999999996, 8919.304821988122, 17.29492486527588, 3.11, -0.044
17.50270356857527, -35.09329245525271, -3.2577358763339284, 39.33910306845004, 0.7274945370218682, 0.778656215935444, 1.0, 541.7588935564058, 6.788581328305818, 3.63, 0.16
-21.299793615913586, 12.234559921466584, 54.836545669728494, 60.09615384615385, 1.0, 0.7636488468486026, 0.513589266773288, 1196.3286349283815, 38.45623961113692, 3.69, 1.181
-1.1557386518052226, -3.441396577595349, 10.477489452603834, 11.09139307897072, 0.6789698126914026, 0.7443626324043583, 0.9999999999964634, 169.87494761772894, 3.287350307936234, 2.14, 0.09
0.09969889373405749, -5.324963659139185, 9.510914941493848, 10.90037061260083, 1.0, 0.9507090396741797, 0.9688959016624056, 43.155849541739315, 3.46718574470941, 3.59, 0.518
-9.439934747614643, 7.756710265552202, 22.539232685785475, 25.647601949217748, 0.6495641940837594, 0.7226840874184688, 1.0, 708.3545233383771, 6.056028985946994, 2.41, 0.044
52.13830288695772, -106.73506966181822, 24.173894723409592, 121.21212121212122, 0.55, 0.647, 1.0, 13528.487502953214, 16.779210221640806, 2.58, -0.128
25.507492230197386, -67.42542930996834, 58.803600758922116, 93.02325581395348, 1.0, 0.7286536851624977, 0.4479163644100621, 5313.004862695562, 92.17225787457653, 3.02, 1.326
46.63555717000054, -92.2431691968836, 18.151789667523825, 104.93179433368311, 0.55, 0.647, 1.0, 2818.196950460391, 7.0126067666692595, 3.97, -0.156
52.71948684506606, -98.117985243709, 7.244208349408208, 111.60714285714285, 0.55, 0.647, 1.0, 9452.378911030535, 11.341295816211657, 2.79, -0.193
-8.511758371903852, 9.35621462137412, 21.51737740903815, 24.968789013732835, 0.670505501595611, 0.7382033750784786, 1.0, 290.3702383432068, 4.1773560753782135, 3.32, 0.077
13.030349216212016, -33.666692424284605, 35.40308184414528, 50.55611729019211, 0.5602307040307761, 0.6546967348233056, 0.9999999999999999, 2353.4477857794514, 7.4537225539844645, 2.58, -0.107
10.616254219210532, -35.39992598684205, 67.064303713331, 76.5696784073507, 0.6383373487357311, 0.7134689375591174, 0.999999999999992, 1615.3654433709157, 8.768065299128999, 3.89, 0.026
34.14774661850606, -60.982574641151345, 2.662693352630999, 69.93006993006993, 1.0, 0.7135483036440006, 0.4212582133202959, 1776.1721943108853, 56.206277026287474, 3.59, 1.389
49.37602390871689, -85.04442597855163, -0.7489232679891309, 98.32841691248771, 0.55, 0.647, 1.0, 47153.64136322961, 21.052287703113883, 0.77, -0.243
64.6283558789055, -115.91593220671932, 29.1659549387514, 135.8695652173913, 0.55, 0.647, 1.0, 4993.459286023344, 8.271967944004952, 3.91, -0.192
8.120388036755685, -16.886026405692405, 19.377550441895703, 26.946914578280786, 0.614473924196518, 0.6963210558740953, 0.9999999999999981, 479.92705503356484, 4.35621303529031, 2.94, -0.012
13.517162054326946, -23.196168557308418, 2.6197208746599934, 26.96144513345915, 0.9999999999999998, 0.6673856027307121, 0.34630643345793244, 1665.8790832851266, 64.3805579583881, 1.59, 1.6
51.1276344056414, -83.59141033285358, -16.205562707220686, 99.30486593843098, 0.55, 0.647, 1.0, 2845.104357422152, 7.023234158262253, 3.84, -0.157
-59.43494600701524, 84.65112114007692, 112.28166904510225, 152.67175572519085, 0.5553915648820166, 0.6507742432163194, 1.0, 6663.0725478837185, 12.211177383169588, 3.85, -0.116
15.595305580396598, -29.305320804251608, 27.101664428780115, 42.84490145672665, 0.9999999999946, 0.8395926849605416, 0.6756993408727221, 1584.7305801561768, 33.24163492072304, 2.65, 0.893
48.88909089309254, -79.29502854003171, -10.408201239420915, 93.72071227741331, 0.55, 0.647, 1.0, 7308.500870889679, 10.571558257880351, 2.69, -0.176
19.96109968230212, -33.682092977834834, 9.898737256432817, 40.37141703673799, 0.6527929266589898, 0.7248951490682847, 0.9999999999998391, 465.9133222018527, 4.968374409328588, 3.85, 0.049
20.190858122479767, -33.18308417105841, 9.539798378023374, 39.98400639744102, 0.6080229032453445, 0.6912290730072439, 1.0, 2088.9582413263533, 8.838828846041425, 2.2, -0.023
2.7036222268043275, -5.0197302720266, 10.3724523804871, 11.83011948420679, 0.8921986930413977, 0.8901605137036951, 0.9999976596835658, 111.20783960498706, 4.4495908841473435, 2.74, 0.368
50.987642875402344, -80.18511203792323, -8.847069206656567, 95.41984732824427, 0.55, 0.647, 1.0, 5488.258726373181, 9.099326401782138, 3.04, -0.178
57.97873111820354, -91.0753527101013, 5.847870798189799, 108.10810810810811, 0.55, 0.647, 1.0, 36633.10041604981, 18.921025910532627, 1.25, -0.238
-6.291420523852139, 10.129096306290535, 21.753459965230494, 24.81389578163772, 0.6086274080559543, 0.6917056615694749, 1.0, 1206.5547941295938, 6.734590899438504, 1.76, -0.022
14.695252159588563, -20.350701267296394, 56.7782398290657, 62.07324643078833, 1.0, 0.6734608684866421, 0.355611650590752, 1682.5425697787407, 63.282016377509535, 3.39, 1.571
-3.0086018817737568, 5.793337262309485, 33.144662224843884, 33.78378378378378, 0.5559836674530505, 0.6512163526920672, 0.9999999999999998, 789.9029209354921, 4.217019809503838, 2.89, -0.115
6.050889279399598, -6.530315751869504, 30.062569227649004, 31.347962382445143, 1.0, 0.8277445936015728, 0.649666061085452, 705.6279514102613, 23.171077395743847, 2.85, 0.934
15.328622418286614, -22.875116619266848, -4.249195840478041, 27.847396268448904, 1.0, 0.7614987377181738, 0.5090864258175878, 276.5198621114049, 18.64191756396063, 3.61, 1.19
20.70576414277548, -23.631083706558353, 25.580772011807365, 40.502227622519236, 1.0, 0.8317531702284114, 0.6583629715798215, 1035.4162152950719, 27.656400049211012, 2.99, 0.92
10.322043221585773, -12.501239214420506, 7.793641364074293, 17.97268152408339, 0.6649982751289792, 0.7334288978371591, 1.0, 254.32139626462606, 3.832089318587904, 2.75, 0.068
-4.396066587392852, 10.490047648734224, 21.08676279609286, 23.963575365444527, 0.6580389207735411, 0.7282379993751493, 0.9999999999996634, 729.8949728779704, 6.333125864623508, 2.23, 0.057
36.767169099004605, -35.18776697535696, 62.24017467183613, 80.38585209003216, 0.55, 0.647, 1.0, 25972.6570603132, 16.117462115907525, 0.98, -0.235
-4.5168869120525414, 10.958413068049317, 21.871765822692804, 24.881811395869622, 0.7340400649404144, 0.7833054233107484, 1.0, 155.56830845609423, 3.703061071169128, 3.99, 0.169
234.00284985177132, -266.6455714877544, 148.60775096630846, 384.6153846153846, 1.0, 0.7624559158462701, 0.5110809665001935, 40384.10347011919, 224.46102057247634, 3.9, 1.186
9.189248587129441, -6.322696528136305, 19.49163544834808, 22.44668911335578, 0.6959174286213173, 0.7556301519593269, 1.0, 222.05559748025223, 3.9561810820026113, 3.38, 0.114
73.56050223943839, -86.9880188449685, 17.279862192577784, 115.20737327188941, 0.55, 0.647, 1.0, 15963.116807890736, 15.887748046559174, 2.29, -0.171
-2.293827280829646, 12.666141323702817, 28.060137373710983, 30.873726458783576, 0.5644466839058004, 0.6581089910554506, 0.9999999999999998, 1719.2350078571317, 6.521404620667092, 1.85, -0.099
95.94721324325201, -97.77474138935993, 49.26636430786593, 145.5604075691412, 0.55, 0.647, 1.0, 9083.300201424856, 9.900811728880202, 3.41, -0.225
106.64988517442453, -109.3603730512788, 52.63535573924524, 161.5508885298869, 0.55, 0.647, 1.0, 10587.071445206091, 12.981894093114894, 3.47, -0.17
3.3505573510619797, 0.3050904607006153, 10.839428305642965, 11.341726210729274, 0.9999912103952826, 0.9308490934054299, 0.9123022080879563, 108.02280749002679, 5.969973282922137, 2.68, 0.58
79.61584807190593, -82.14341966830592, 28.709057183544903, 117.92452830188678, 0.55, 0.647, 1.0, 13163.319947616637, 14.187555538255062, 2.55, -0.176
97.09017979259443, -93.69635102750433, 46.36421892289245, 142.65335235378032, 0.55, 0.647, 1.0, 5925.446836599665, 8.026740093941529, 3.83, -0.224
87.38466547025382, -86.39843429812886, 36.03298020452419, 128.04097311139566, 0.55, 0.647, 1.0, 4601.030096923516, 7.501954376212571, 3.87, -0.208
107.27247586739213, -120.07779218019284, 3.241294341514081, 161.0305958132045, 0.55, 0.647, 1.0, 146545.99080722267, 38.875571272596495, 0.61, -0.231
-20.69720509333183, 55.861588756777465, 73.60381423309657, 94.69696969696969, 0.5927669341064583, 0.6795613960429274, 0.9999999999999998, 3025.7239680393673, 9.940566480713395, 3.67, -0.049
20.83105097749649, -15.643979497038815, 16.991490806402975, 31.084861672365555, 1.0, 0.7861196973393275, 0.5592381167503142, 480.01523346575397, 22.38134333186753, 3.25, 1.091
13.00897687096949, -11.089553198911709, 7.589137147609364, 18.684603886397607, 1.0, 0.8079098710032908, 0.60308453996125, 518.9493022727787, 21.508832717247227, 2.06, 1.011
3.9288739676821933, 1.0420046580440516, 10.505239810553245, 11.254924029262803, 0.9999999999999996, 0.7494036072325007, 0.4859648948832319, 1314.7472697516648, 42.49050829977498, -0.05, 1.239
78.40938367000308, -69.34699579030453, 26.1557879325478, 107.87486515641856, 0.55, 0.647, 1.0, 4385.2834869866, 7.969245382148525, 3.55, -0.184
11.8229079003886, 12.664569600232928, 42.20996274978718, 45.62043795620438, 1.0, 0.7353158335614606, 0.4601079863049916, 769.9739678000467, 34.25132425925942, 3.57, 1.298
4.165596946008009, 9.73075990598359, 23.87994551438896, 26.116479498563596, 0.7498781070272339, 0.7948449342102474, 0.9999999993384756, 411.13685480039294, 6.28252121752417, 3.04, 0.191
72.2618024160156, -54.82870643165727, 26.952729167739587, 94.6073793755913, 0.55, 0.647, 1.0, 10375.455385819165, 13.411940914621853, 2.33, -0.157
0.991407105541839, -0.9405330711633972, -0.018495404835395135, 1.3474909718104888, 1.0, 0.837618075916458, 0.6711320247604934, 5.1904961122866595, 1.9168052431171807, 1.35, 0.9
0.9914718215859466, -0.9404674863584798, -0.01845449138705746, 1.3474909718104888, 1.0, 0.8913475456165055, 0.8045889523948614, 18.163890289741936, 2.8876131067513895, -0.01, 0.71
26.408956996593588, 5.010774052967113, 48.38820874745299, 55.34034311012728, 0.6495641940837594, 0.7226840874184688, 1.0, 933.7719778550479, 6.953172883179903, 3.78, 0.044
129.2285284854479, -102.29786499937089, 32.994090396432966, 168.0672268907563, 0.55, 0.647, 1.0, 33660.7052101395, 24.39262162088152, 2.3, -0.154
11.448642047865178, -11.693823645717723, -1.342279171342291, 16.40150893882237, 0.799095015305187, 0.8286568829655494, 1.0, 142.53606067330065, 4.171199452795873, 3.18, 0.256
12.325646893960766, -2.932773044880828, 13.74724579983739, 18.67762420620097, 0.9071651369779701, 0.9002561307134017, 1.0, 97.90399376548176, 4.28874743605484, 3.87, 0.385
21.35101108240542, 17.384170546548518, 58.12631150893648, 64.30868167202573, 0.9999999999993068, 0.819588268353028, 0.6303149983572158, 4706.481491853627, 61.87076233077735, 2.35, 0.966
23.941417010702025, -1.9677884570154698, 31.31029378555679, 39.44773175542406, 0.6185597184385475, 0.6994114263861139, 1.0, 496.82245275674177, 4.510350301084405, 3.73, -0.005
74.80547027885677, -94.15657123611592, -38.00966218824625, 126.10340479192939, 1.0, 0.7036057499544313, 0.4043402096449116, 4630.317454511209, 94.10281263050739, 3.83, 1.433
-11.261592436808314, 27.209976273718883, 25.212535817210107, 38.774718883288095, 0.9999999999999998, 0.6966602535417188, 0.3928543089590433, 2214.39176459647, 66.78690612451385, 2.07, 1.465
17.62421812753655, -6.278640801724715, 14.529562033527089, 23.668639053254438, 0.7182180869158888, 0.7721542392738827, 1.0, 441.06613636297465, 5.967907900908607, 2.75, 0.147
129.67712148360533, -86.55688987392827, 38.2529172720275, 160.51364365971105, 0.55, 0.647, 1.0, 21636.203052645007, 17.701451803077088, 2.68, -0.184
133.99176705508398, -87.354352849389, 41.75042928681364, 165.28925619834712, 0.55, 0.647, 1.0, 15158.156708662078, 13.616643831881035, 3.13, -0.208
12.929129337568156, 30.972053898154417, 58.07339438180388, 67.0690811535882, 0.9999999999987349, 0.8220462950563467, 0.6363297743586196, 1791.43830012114, 37.77829603499046, 3.49, 0.956
72.59597756486255, -30.426108297758756, 42.69379446485523, 89.52551477170994, 0.9999999999999998, 0.6520796060483063, 0.3227454420589637, 3981.5373642733643, 105.20547055280991, 3.25, 1.674
123.58265904172094, -85.42675231681596, 25.958327976178925, 152.4390243902439, 0.55, 0.647, 1.0, 6285.639410604044, 10.882289363667656, 3.91, -0.144
45.65209980078362, -31.395519330177788, 7.558407176863003, 55.89714924538848, 0.6043387462348186, 0.688347638939053, 1.0, 868.8333057664676, 5.61324702919408, 3.88, -0.029
28.669051684322767, -20.98895591372718, 3.0227279660297874, 35.637918745545264, 1.0, 0.8323410046611588, 0.6596213324089542, 544.479845495307, 20.012786575006867, 3.41, 0.918
11.351694569142637, 14.98635773777179, 30.465494901880067, 35.79098067287043, 0.9999999999989746, 0.8208151686183861, 0.6333233282646571, 524.4503002007519, 20.54682735439464, 3.46, 0.961
37.74431715328137, -5.274995844067783, 30.938508203287352, 49.06771344455348, 0.5801636661858295, 0.6697002762722657, 0.9999999999999999, 2156.4966238220986, 7.906159781606358, 2.61, -0.071
39.549825327567305, -38.57657976019436, -9.395484963840872, 56.02240896358543, 0.6304949110505851, 0.7077160029521486, 0.9999999999999887, 2212.4868646232253, 9.97114105013422, 2.87, 0.014
-35.014619036498516, 105.68872748176221, 96.39527165567777, 147.27540500736376, 0.6586902430235722, 0.7286658653875624, 0.9999999999996804, 13564.931135449666, 27.364109367590814, 3.0, 0.058
133.44656817821033, -72.92712169808559, 37.030955761161636, 156.4945226917058, 0.55, 0.647, 1.0, 12507.065537794004, 11.530703705093716, 3.22, -0.227
85.92925980168093, -41.93483268935866, 29.7025033748054, 100.1001001001001, 0.9999999999999999, 0.681516994773319, 0.36830141682365575, 3707.030552894842, 91.27401804429824, 3.57, 1.534
130.74651278359488, -77.79659029457946, 27.36136893177463, 154.5595054095827, 0.55, 0.647, 1.0, 10625.480547797613, 12.10863111902629, 3.37, -0.191
-1.3471425460329556, 20.65664870284408, 23.513385272610616, 31.32832080200501, 1.0, 0.7672261949525012, 0.5211751244903745, 469.92805834455174, 23.770838144521147, 3.29, 1.166
13.919069852926441, 14.104580868012206, 28.820386730890345, 34.96503496503497, 0.8504524401577425, 0.8629883371105416, 1.0, 416.31789178601525, 7.947514342768524, 3.66, 0.319
10.156224116612975, 9.03669952300421, 18.45467406166284, 22.90950744558992, 0.6421042363418706, 0.7165926536361529, 1.0, 673.2690426997422, 5.741341261488137, 2.22, 0.032
41.04390279029576, 12.966453157515694, 47.85797243222143, 64.35006435006436, 0.808409982973094, 0.8351836983800754, 1.0, 1239.5244933498527, 12.564897441064627, 3.8, 0.268
152.0108793028985, -76.74660932933176, 35.44705616628471, 173.91304347826087, 0.55, 0.647, 1.0, 22741.622832127876, 16.199105924374322, 2.8, -0.216
39.164437191416255, -5.82916473052482, 24.77446742540503, 46.68534080298786, 1.0, 0.8089970051039489, 0.6054616997936829, 589.5466948002965, 22.833026040469896, 3.91, 1.007
52.68305113284441, -17.207537497434863, 22.163450810740148, 59.665871121718375, 1.0, 0.7201740857125136, 0.43281338726790847, 1281.1769404334377, 46.629114491595935, 3.6, 1.361
121.05986211837444, -41.48133890444188, 47.35201814613099, 136.4256480218281, 0.55, 0.647, 1.0, 6337.955602390696, 9.81148053919816, 3.66, -0.177
20.5860926374653, 18.26436533221508, 34.96493392055457, 44.48398576512455, 0.6344430929182913, 0.7105134691832684, 0.9999999999999756, 586.9005656787139, 5.210100874448189, 3.81, 0.02
15.70246075301202, 3.9572858164022833, 15.57846160868235, 22.4517287831163, 1.0, 0.7669869256790912, 0.520668079491845, 443.25813669834287, 23.107844717429764, 2.63, 1.167
28.412227443533993, 13.788861486892218, 34.730468145067505, 46.926325668700144, 0.668049527688651, 0.7360804203405079, 1.0, 756.8158910365703, 6.684597740607515, 3.65, 0.073
37.9711338067018, 3.0421996812420424, 28.836555811814417, 47.75549188156638, 0.6000975274451993, 0.6850747188083944, 1.0, 867.3687821538729, 5.507682455254495, 3.54, -0.036
15.745921417254067, 3.664359517865021, 14.288231246496135, 21.55636990730761, 0.7182180869158888, 0.7721542392738827, 1.0, 151.1152858028831, 3.493208056223561, 3.71, 0.147
57.279604283387926, -20.180286816922845, 17.04026345868903, 63.051702395964696, 0.5950084208979779, 0.6812206161803117, 0.9999999999999998, 1017.5383256476026, 5.826140981128193, 3.97, -0.045
9.618412681062182, -7.539028376184977, -1.636280711263506, 12.309207287050715, 0.8472201913072948, 0.8608154174144188, 1.0, 110.81978734179191, 4.073035864533103, 2.83, 0.315
6.922544321195346, 3.614241197925493, 7.941047888377991, 11.120996441281138, 0.9924513238685677, 0.9557757204170436, 0.9995530958504727, 35.35448744890442, 2.9646459276355803, 3.85, 0.478
115.01002237194734, -31.581873213467954, 39.04171673754682, 125.47051442910916, 0.55, 0.647, 1.0, 4418.150433872259, 7.591830504922236, 3.87, -0.199
129.03046055376308, -29.245969347661585, 48.37375158262138, 140.84507042253523, 0.55, 0.647, 1.0, 13729.048665083132, 14.294430808258806, 2.89, -0.18
138.52744986234939, -53.76508289630668, 28.53546166258536, 151.285930408472, 0.55, 0.647, 1.0, 9721.968798564843, 10.983857738789602, 3.42, -0.206
112.23757022062819, -19.569332143913122, 46.82239663981623, 123.15270935960592, 0.554785417775994, 0.6503304671892403, 1.0, 18240.850478457854, 20.14382227515844, 2.29, -0.117
148.14488771331798, -17.661140111959526, 64.71750762942985, 162.60162601626016, 0.5834057768491326, 0.6725089584238323, 0.9999999999999999, 24797.443553429675, 27.255556187175102, 2.56, -0.065
118.94366231605363, -15.112629049001406, 49.96598265924138, 129.87012987012986, 0.5944519274979687, 0.6808061698002263, 0.9999999999999997, 4478.9446088462355, 12.191130962798038, 3.93, -0.046
123.11100403640467, -11.60381897662127, 51.346344710238796, 133.86880856760376, 0.6698879436733564, 0.7376771349938129, 1.0, 4461.859989576402, 16.338945935368343, 4.0, 0.076
43.738904163710686, 6.789438278875849, 27.697523206345377, 52.19206680584551, 0.9999999999999999, 0.6707168567384352, 0.3513912747738805, 2184.57084044894, 72.83062226110528, 2.73, 1.584
150.80544260446368, -112.2014383109756, -30.94781443347218, 190.47619047619048, 1.0, 0.7824802395906391, 0.5519552799943592, 10276.341663770116, 104.95751871283115, 3.86, 1.105
28.062229791014943, 4.216367778073296, 16.80997618232757, 32.95978905735004, 0.9999999999993068, 0.819588268353028, 0.6303149983572158, 549.7003190040693, 21.14463944643231, 3.23, 0.966
20.708952210514326, 64.98496110124566, 68.17866336891824, 96.43201542912247, 0.55, 0.647, 1.0, 2515.356981093656, 6.7325602715089685, 3.91, -0.151
213.10877559037363, -32.5313182582811, 65.3002013264307, 225.22522522522522, 0.8339886217195831, 0.8520939876273559, 0.9999998224845289, 34784.93544119965, 70.23466522965732, 2.9, 0.299
36.88323013180889, 25.984441750843345, 39.45049084630146, 59.91611743559017, 0.8339886217195831, 0.8520939876273559, 0.9999998224845289, 1135.6499040324225, 12.690482955828632, 3.74, 0.299
-0.8442351850462728, 20.293180054171415, 17.630455719829218, 26.89618074233459, 1.0, 0.8347018908989363, 0.6646955803409472, 580.1474277655335, 20.482777723960385, 2.73, 0.91
177.20714530202167, -25.050700571566743, 47.676845369228445, 185.18518518518516, 1.0, 0.6136499284384839, 0.26968652096298773, 128047.06320460515, 683.5002531564958, 1.06, 1.865
26.98876247598946, 21.77885562224827, 29.184846228722275, 45.31037607612143, 0.9999999999987633, 0.8243015294772443, 0.6417527049591496, 1572.3617686360233, 35.06300455786038, 2.78, 0.947
41.45178176168247, 12.740818523087677, 26.772380447243574, 50.94243504839532, 0.6357519646722599, 0.7114792870656061, 0.9999999999999766, 762.6346663604434, 5.96755396319005, 3.82, 0.022
31.05026200722841, -33.68202183537297, -17.22156426092661, 48.92367906066536, 1.0, 0.8308761473830506, 0.6564829845358426, 677.9464001068081, 22.449985513442023, 3.86, 0.923
127.17531398979736, -18.91271823097728, 28.882387072453337, 131.75230566534916, 0.55, 0.647, 1.0, 12813.671623265544, 12.609985376748833, 2.82, -0.206
128.11204107557296, 14.082307585098356, 55.873623180896104, 140.4494382022472, 0.6458088925009035, 0.7197323962822701, 1.0, 18845.04394938989, 30.8045862386711, 2.54, 0.038
5.039177828457468, 6.5471254170188535, 6.968167899624081, 10.795638562020944, 1.0, 0.9093195614499064, 0.8531096259595149, 86.82680367719006, 5.861366009799465, 2.81, 0.65
12.160977681017357, 22.984350023304387, 22.462604512490028, 34.35245620061834, 1.0, 0.832930525855621, 0.6608837497469099, 474.3214129148577, 18.63933542726166, 3.48, 0.916
96.16893788114703, -76.44554598476905, -33.772396088516615, 127.38853503184714, 1.0, 0.7005508945382202, 0.39925883046592975, 27696.049607108656, 232.7849266089755, 1.91, 1.447
81.81347026042477, -47.93976293341317, -15.508073338940655, 96.06147934678194, 0.9999999999999996, 0.6753874739272697, 0.35860420205584814, 2839.5902929162808, 81.64154242430548, 3.77, 1.562
19.58244632826154, -3.867097266976197, 2.242008360558504, 20.060180541624874, 0.9999999999999969, 0.7725764063540435, 0.5322759803569792, 483.97933289812454, 23.634148616342692, 2.29, 1.144
244.02848314151197, -60.30522475268462, 16.568969939796165, 251.88916876574305, 0.55, 0.647, 1.0, 39680.40794382837, 22.671218405167338, 3.0, -0.2
153.60563798482326, -37.72612437981692, 10.28092420724268, 158.4786053882726, 0.55, 0.647, 1.0, 9377.745090670065, 10.63288271821166, 3.56, -0.21
44.17697223857067, -13.416383115317833, 0.5201091284870074, 46.14674665436086, 1.0, 0.7126211312793033, 0.4196577405558387, 752.3835978592921, 36.703466289427986, 3.62, 1.393
20.21832832466316, 10.88375250077653, 12.91219621251145, 26.322716504343248, 1.0, 0.7686670644665649, 0.5242161115912228, 363.7630267152263, 20.797930557397628, 3.19, 1.16
154.94787795599495, -79.6483207307243, -25.52229021656073, 176.05633802816902, 0.9999999999999999, 0.6775566192084905, 0.3620079558629339, 17356.432772717544, 200.28643903745746, 3.12, 1.552
24.425252748328603, 32.10698256996553, 29.391818379564636, 49.9001996007984, 0.6109984885439792, 0.6935840083766998, 0.9999999999999991, 667.3623587766359, 5.059791450761246, 3.92, -0.018
-8.749578028865471, 84.81739046545256, 59.83045063883817, 104.16666666666667, 0.5528958079557048, 0.6489892584620777, 1.0, 5802.493676246544, 11.25924557180515, 3.17, -0.12
24.896648231053405, 2.9290834242153965, 6.179714970934025, 25.793139025019343, 0.6593388788329291, 0.7290999849567672, 0.9999999999997097, 703.3403608089479, 6.24508735249905, 2.43, 0.059
21.144084452123025, -5.910882568501249, -0.9363651199024616, 21.94907813871817, 0.9576156968781572, 0.933546143192238, 0.9998877500349783, 224.38287643733653, 7.07360166069671, 3.32, 0.441
84.5423128241764, 60.25963994213963, 54.49331232612592, 117.2332942555686, 1.0, 0.7677054027553046, 0.5221891775151676, 10525.896117831175, 112.29312836438329, 2.78, 1.164
14.111407452011917, 14.977172979228179, 12.511700171667425, 24.06738868832732, 0.6723801846903967, 0.7397485585951538, 1.0, 324.3508838098426, 4.444300350651149, 3.12, 0.08
45.69717519853384, 80.96444106714682, 63.34072519958612, 112.48593925759279, 0.9999999999999999, 0.702728785025401, 0.4028760044934769, 6828.945078823366, 114.65448996137907, 3.16, 1.437
171.6543011268268, 1.3905619942279657, 19.2690726947739, 172.71157167530225, 0.55, 0.647, 1.0, 14547.890195988393, 14.41568160277936, 3.27, -0.186
164.86314859472532, -75.62407065189636, -35.732547525810304, 184.84288354898337, 1.0, 0.693635455268677, 0.38791287899738386, 24760.682519374197, 225.852763774167, 2.84, 1.479
308.4179118357315, -146.2249762094027, -70.1282645267685, 348.4320557491289, 0.55, 0.647, 1.0, 57068.09143885039, 32.17111172910373, 3.31, -0.15
16.94117580427428, 91.12230791912634, 60.8408987218249, 110.86474501108648, 0.9999999999986806, 0.8225419099662602, 0.6375329402789359, 9327.044886502395, 86.02232627246535, 2.79, 0.954
157.07386507866158, -24.106902553257846, -5.519376682708259, 158.9825119236884, 0.55, 0.647, 1.0, 20837.991234477697, 17.670497769584994, 2.7, -0.179
48.75659540610104, -26.73214639442584, -14.357907859379893, 57.405281285878296, 0.5617474038568959, 0.6559819426367238, 1.0, 1185.934874806053, 5.33796679518357, 3.6, -0.104
69.30897763955545, -24.197746316111157, -11.5782045410723, 74.29420505200594, 0.55, 0.647, 1.0, 4000.0647565363233, 8.901502433649256, 2.84, -0.136
213.12921948698022, -30.923191643922323, -8.872742357412594, 215.51724137931035, 0.55, 0.647, 1.0, 103543.1041743961, 32.67761890551214, 1.62, -0.231
10.751885715610115, 7.751828295520935, 5.467715866167474, 14.318442153493699, 0.7238766997211756, 0.7761236131605581, 1.0, 299.1911069044716, 4.994856077213695, 2.08, 0.155
80.87277325652667, -18.463636128686606, -8.889819494792658, 83.40283569641367, 0.9256083200791011, 0.9125803537285082, 0.9999875810202221, 12431.363787615233, 49.93042185871855, 1.86, 0.406
31.455044770964378, 5.882640903186481, 4.790367659916043, 32.33107015842224, 0.8037179562706904, 0.8319234016740276, 1.0, 397.5550750596646, 7.04090131580013, 3.54, 0.262
39.67666421050126, 123.77054616728827, 78.77395185001116, 151.9756838905775, 0.55, 0.647, 1.0, 6787.429859477168, 10.084945030796797, 3.82, -0.179
140.03299273262382, -22.070167163267698, -12.061570916555635, 142.2475106685633, 0.55, 0.647, 1.0, 22194.557555161224, 18.733837301222238, 2.39, -0.171
21.00622661352645, 11.720892998424995, 7.376279111073025, 25.13826043237808, 1.0, 0.7667478527031676, 0.5201610703727104, 492.97805194108173, 24.391973829618124, 2.76, 1.168
92.2229881184794, -56.77198484082856, -34.91984361578852, 113.7656427758817, 1.0, 0.7684261920238887, 0.5237096168014348, 4615.0816796000045, 74.14878677995328, 3.61, 1.161
4.652864207269886, 6.003572622223452, 3.621089116844818, 8.399832003359933, 0.9999999973768253, 0.8804489140429307, 0.7742797935631248, 29.97080047250555, 3.8909814326327816, 3.42, 0.75
538.8646306527153, -89.14805913197952, -60.017856309613876, 549.4505494505495, 1.0, 0.9539566663916029, 0.9781600439792931, 190552.37493075625, 227.4972129364611, 2.99, 0.509
24.778577829598362, 13.15900567249893, 7.6322642659185895, 29.052876234747238, 0.6489303077056002, 0.7222133006404983, 1.0, 264.56683987663877, 3.6925488456961, 3.75, 0.043
38.519941846227084, -4.384943957956102, -3.4478150213274716, 38.895371450797356, 1.0, 0.7610188131088819, 0.5080938920493768, 794.2422551581534, 31.651811243744994, 3.19, 1.192
2.5587284571265627, 29.423961963904055, 17.200053964276524, 34.17634996582365, 1.0, 0.7646017758688002, 0.5156054568300926, 372.91383710784146, 21.39177761140939, 3.73, 1.177
83.0135036549018, 164.2204984004225, 91.15280492433023, 205.3388090349076, 1.0, 0.7228319017031481, 0.4375054157289739, 11942.609156663131, 141.0468347243812, 3.86, 1.35
7.581425500186015, 38.77364652729537, 22.067840497684497, 45.24886877828054, 0.9999999999999998, 0.6844012551757721, 0.3729342169781521, 2578.5324101911065, 75.35208919704831, 2.24, 1.521
21.88197436444989, 31.047398474475038, 16.651801279326566, 41.45936981757877, 1.0, 0.8274689972620479, 0.6490522052434622, 564.1603174082409, 20.740354297483265, 3.7, 0.935
44.21510828860937, 14.496276573161204, 5.574326088284323, 46.838407494145194, 1.0, 0.8143072123173956, 0.6175731030801793, 1021.7893768475653, 29.456138636088244, 3.32, 0.987
368.70003509140315, 210.36395738820588, 94.14268688374257, 434.7826086956522, 0.6402359892182861, 0.7150153431271176, 1.0, 50199.740237900485, 49.226744587543344, 3.93, 0.029
29.388187715562708, 0.4708486169863608, -2.406363676203494, 29.463759575721863, 1.0, 0.8158495059418054, 0.6212327269340551, 553.0106128332616, 21.537714246239922, 2.98, 0.981
288.73255680459715, -86.50617596895607, -74.91640624745087, 310.55900621118013, 0.5633319207204562, 0.6572604262598862, 0.9999999999999998, 33147.08931518383, 28.46897670587674, 3.65, -0.101
19.807169637781953, 14.673903035562393, 6.130860326948454, 25.38071065989848, 0.7267681883484481, 0.778146684528455, 1.0, 209.49067603421815, 4.2130339252031845, 3.71, 0.159
56.66194316780275, 81.30144193609438, 39.038101451111345, 106.49627263045792, 0.6109984885439792, 0.6935840083766998, 0.9999999999999991, 3272.095400403955, 11.203784372938003, 3.84, -0.018
8948.563529816944, 1578.5074629827918, -276.82071904971554, 9090.90909090909, 0.7528194072891768, 0.7968775092214363, 0.9999999999491528, 23843596.930079106, 1524.5689842742588, 3.84, 0.195
44.99359593425106, -2.804342895464508, -7.80125410540562, 45.72473708276177, 0.9999999999999998, 0.6711364567944068, 0.35203413525634425, 1192.5032623589073, 53.72736408768912, 3.1, 1.582
92.85992159573652, 4.868153952272209, -11.910234185064436, 93.72071227741331, 0.9999999999999999, 0.7156520894396043, 0.42490534583294814, 7109.323932129474, 111.60799701987732, 2.72, 1.38
-1.6182902218006348, 6.915259746385754, 3.794020809491215, 8.057368463459834, 0.9979779106746358, 0.9576966585898212, 0.9950032282401157, 24.46490821003591, 2.505523111804573, 3.55, 0.489
16.844812496213308, 8.528353804886398, 1.726516510358664, 18.935807612194658, 0.9999999999992895, 0.8258553877970563, 0.6453886785719681, 181.4365615729544, 11.836166910165462, 3.23, 0.941
24.546145130892, 28.948845087769584, 10.52430691281608, 39.37007874015748, 1.0, 0.7667478527031676, 0.5201610703727104, 443.08771465308, 23.12480118383169, 3.85, 1.168
43.70062816006521, -0.6148514557537865, -7.665693114850063, 44.34589800443459, 0.6031089161250801, 0.6873938803825439, 1.0, 3748.5563994377862, 11.59940758760768, 1.79, -0.031
72.31949978961438, -14.501527180777675, -20.210076717005425, 76.4525993883792, 0.55, 0.647, 1.0, 2327.7785070418195, 5.90597609802381, 3.49, -0.179
23.35290239999631, 3.1382941076306823, -2.751193693831155, 23.696682464454973, 0.9999999999999312, 0.8040587177989078, 0.5949671550919235, 414.5073539679274, 19.49462599748322, 2.82, 1.025
48.92023428021275, 21.51513854739189, -0.2884643180513464, 53.41880341880342, 0.9999999999999999, 0.730819612345568, 0.4518445484747775, 815.7281564622513, 35.83817096172834, 3.85, 1.317
2.8417004420880403, 6.763084627736521, 2.548312952960835, 7.756146746296439, 0.6209670220525648, 0.7011410587032723, 1.0, 580.0282905829357, 4.921913968673587, 0.03, -0.001
68.79167349742602, 9.664496103453388, -13.396913723756565, 70.72135785007072, 0.5602307040307761, 0.6546967348233056, 0.9999999999999999, 2674.5968142523147, 7.946028181598558, 3.17, -0.107
118.078335401392, 233.22798427483983, 68.66237769274629, 270.27027027027026, 0.6234330139783119, 0.7028646828748496, 1.0, 28297.866523957273, 34.71842619438295, 3.52, 0.003
66.21891484729258, 11.149587204402902, -14.979254390825378, 68.7757909215956, 0.55, 0.647, 1.0, 7096.240549423957, 11.929952325958135, 2.05, -0.134
108.48728372701771, 28.2862352422937, -21.624007336118297, 114.15525114155251, 0.9999999999999989, 0.7708525204438527, 0.5287604939805054, 5048.3438720128825, 76.83240834203585, 3.52, 1.151
85.32249853922985, 169.50785672311105, 42.923054320895716, 194.5525291828794, 0.5927669341064583, 0.6795613960429274, 0.9999999999999998, 18803.162699256885, 24.780606608878823, 3.25, -0.049
26.160634615807794, 3.137153981341614, -7.299197699656856, 27.314941272876265, 0.6612638089128466, 0.7304513601867125, 0.9999999999998891, 674.4623076685723, 6.1570990642700805, 2.6, 0.062
40.20011342438738, 10.556102391598726, -9.326114834970788, 42.57130693912303, 1.0, 0.807637035482427, 0.6024937962701483, 562.8479755301064, 22.422643977639275, 3.76, 1.012
17.45649384670014, 18.592311532457426, 1.4003591394632728, 25.523226135783563, 0.6304949110505851, 0.7077160029521486, 0.9999999999999887, 411.17649351303317, 4.2985169990045, 2.99, 0.014
33.02116219738946, 19.25474086597339, -3.7726369474306907, 38.38771593090211, 0.5661830333289399, 0.6593704371892645, 0.9999999999999998, 620.2141732989036, 3.9510627168019163, 3.43, -0.096
35.124201884216745, 5.772910585347676, -9.873039594131562, 36.913990402362494, 1.0, 0.7665089560784737, 0.5196541330242732, 634.657083783992, 27.701582902567182, 3.32, 1.169
126.26761192782033, 35.949346358816065, -31.354571467116273, 134.9527665317139, 0.9001845821207279, 0.8954464719743006, 0.9999996401638771, 12720.984572974348, 48.27453993326148, 2.88, 0.377
-4.2002089054030876, 27.967354389900724, 12.01583519166432, 30.73140749846343, 1.0, 0.8135262680313727, 0.6157430463384452, 553.7605900393244, 21.751232753277453, 3.07, 0.99
3.56287905496265, 35.774341214315285, 11.568822147394574, 37.764350453172206, 0.9999999999986688, 0.8235417596500335, 0.6399420782220362, 426.89511028423277, 18.3270271782334, 3.8, 0.95
33.94174094552818, 12.391532556272805, -9.462944012982556, 37.32736095558044, 0.777907637828187, 0.8133815688900665, 0.9999999939462675, 373.43215827312537, 6.417923327890632, 3.92, 0.228
105.28706690701893, -11.795434278740316, -47.32084305080781, 116.00928074245941, 0.5726162405458924, 0.6637745136371951, 0.9999999999999999, 3476.503014080294, 9.6530597697708, 3.96, -0.085
47.847053927694105, -1.9133288813205915, -20.547997711340592, 52.083333333333336, 0.5612376111617554, 0.6555544119753435, 0.9999999999999999, 700.7364110227525, 4.09119590712124, 3.96, -0.105
11.796389369349527, 9.746778580426183, -1.6720766483097265, 15.372790161414297, 0.8504524401577425, 0.8629883371105416, 1.0, 106.08709081946039, 4.011899568210234, 3.36, 0.319
4.079384316236428, 35.970106154189224, 9.992590022687246, 37.55163349605708, 0.7189126514060692, 0.7726445270552437, 1.0, 437.9401966233424, 5.958729488849929, 3.76, 0.148
55.16803125111892, 104.14089455668632, 9.280237008911538, 118.20330969267138, 1.0, 0.7869054755731487, 0.5608163630412618, 8344.80928884157, 93.04878437211161, 3.05, 1.088
10.15341465533129, 50.60396821520713, 9.298974278929617, 52.43838489774515, 0.6203596068031649, 0.7007099427758605, 1.0, 1956.3914484072943, 9.017057065783717, 2.86, -0.002
92.44355248623378, 105.34335021860194, -17.648207076118073, 141.24293785310735, 1.0, 0.6875070602799133, 0.37795501209218746, 16146.954686883857, 186.492555773356, 2.72, 1.507
77.14597333542224, 113.36730888361018, -8.30390879720676, 137.36263736263737, 1.0, 0.7317752548217933, 0.4535887563743598, 6308.0391967224095, 99.31703633574296, 3.68, 1.313
-8.914773103725565, 40.74695743293876, 15.897213435955674, 44.642857142857146, 0.9999999999891956, 0.8409699649220923, 0.6789861556387381, 574.9910771164654, 19.915527974737934, 3.84, 0.888
3.4412183178328632, 3.760640538091244, -0.8052233068999399, 5.142974696564493, 0.7725918787536391, 0.809725659623791, 1.0, 130.1924851744716, 3.7408763265677996, 0.76, 0.221
264.5236895345097, 229.573128773995, -82.03886067372201, 359.7122302158274, 0.9999993263553858, 0.9151808839948417, 0.8696257972441872, 36313.45322381817, 116.85310008556051, 3.87, 0.63
9.343062174033548, 9.696848683092565, -2.661781276429661, 13.708019191226867, 1.0, 0.850041031560852, 0.7006734334405894, 61.10919312916845, 6.262791770277684, 3.71, 0.855
13.911356032241201, 40.34085266371348, 2.4726452680722986, 42.73504273504274, 0.999999999999987, 0.8057167126318809, 0.5984043906085594, 503.1823824547805, 21.350370436638592, 3.89, 1.019
44.3953893294547, 70.9447020628544, -7.740218185717692, 84.03361344537815, 1.0, 0.6734608684866421, 0.355611650590752, 2760.979735578755, 81.06416018408518, 3.51, 1.571
21.992414438591368, -17.183124910471626, -16.768819282589888, 32.54149040026033, 0.6024975794792392, 0.6869212085221471, 1.0, 271.0391467014096, 3.110971571718263, 3.97, -0.032
4.472864255153581, -2.5960538062130736, -3.285500826447663, 6.107616197398156, 0.99999999760012, 0.8801520412053349, 0.7735431405857054, 14.057258081516064, 2.6679183366095325, 3.55, 0.751
62.55180709745218, 55.53489113145985, -27.485216404992762, 88.02816901408451, 0.5828514065374232, 0.6720418166415029, 0.9999999999999999, 3885.0845900803815, 10.75879161968664, 3.24, -0.066
52.680934933679055, 408.67656120698496, 48.82967359303943, 414.9377593360996, 1.0, 0.7418753881255674, 0.4722686046882922, 51537.465460003295, 273.44510160554694, 3.8, 1.27
37.35923630925299, 335.50874705863407, 41.62562864920616, 340.13605442176873, 0.9999999999999999, 0.6996841025485965, 0.3978261413259562, 29885.634522586402, 242.59705089933087, 3.96, 1.451
25.890931060173898, 15.622039447854196, -14.048514345745602, 33.322225924691764, 0.9999999999844492, 0.8423293907638704, 0.6822857934035792, 407.0288107852751, 16.665692448312917, 3.58, 0.883
82.44573949818914, 46.03464921730428, -47.06417198352834, 105.48523206751054, 1.0, 0.8680530758054753, 0.7455911674743451, 6645.69594101343, 60.702662080595275, 3.05, 0.79
95.98404504578866, 457.08583375723504, 14.979916177162213, 467.2897196261682, 0.9999999880713972, 0.9026231175090851, 0.8339982622391549, 277542.56343684776, 341.08767924569133, 2.23, 0.673
43.32820441810509, -15.019590577597207, -32.48927574182123, 56.17977528089887, 0.554166522145391, 0.6498850362973907, 1.0, 5239.829278890905, 10.764021381008096, 1.94, -0.118
14.86582577075751, 24.615004629313724, -8.093157757058636, 29.85965959988056, 0.9429587566698645, 0.9240063563568824, 1.0, 309.2622041411786, 8.107094873480133, 3.64, 0.425
24.497232440167863, -3.1988504207766404, -18.83686160876834, 31.04625892579944, 1.0, 0.8114151545039077, 0.6108779009454361, 544.7229739799216, 21.749051804789936, 3.11, 0.998
35.23858876435952, 61.8297478848768, -19.5895237304652, 73.80073800738008, 0.5880717133449523, 0.6761358449559103, 0.9999999999999998, 1676.0175096841317, 7.2414550677005876, 3.77, -0.057
98.65450690440412, 984.5784865441964, 34.260704947347335, 990.09900990099, 0.6803445778994631, 0.7452189234035742, 0.9999999999957265, 3072659.2043409985, 444.03844305084584, 1.25, 0.092
29.196081285023865, -17.590986720673705, -24.8704753899848, 42.17629692113032, 0.7296777183044757, 0.7801935089321891, 1.0, 755.603627025943, 8.065048856856365, 3.42, 0.163
-1.888778719837319, 13.913682577219461, 2.899269593248942, 14.34102968593145, 1.0, 0.8341117108368389, 0.6634208495777248, 88.16938499618735, 8.00210913889492, 3.41, 0.912
5.35769822254224, 21.327163805891242, -2.2139620296264546, 22.09456473707468, 0.9999999999999644, 0.8051650644842565, 0.5972518918465288, 492.8650727698388, 21.17270670554148, 2.48, 1.021
48.1186129120224, 37.213646288371805, -35.42120753067242, 70.37297677691765, 0.621578104946204, 0.7015718051103995, 1.0, 1509.972319757385, 7.960947998971764, 3.78, 0.0
133.3441127101023, -53.556503471535635, -116.2972156690724, 184.84288354898337, 0.9999999999999999, 0.7466847417103628, 0.48105532986636707, 11528.229447157653, 127.05994107399604, 3.67, 1.25
13.458593813994412, 108.08583070499625, -5.404782285751271, 109.05125408942203, 0.6389744661274892, 0.7139793561310624, 0.9999999999999994, 3129.0929965611676, 12.232252578356862, 3.94, 0.027
25.602848273771997, 359.863345202383, -13.154833666660576, 361.01083032490976, 1.0, 0.6655262254719249, 0.34347338798022914, 41995.00175732715, 325.4610269691868, 3.72, 1.609
10.350114651503645, 43.96375878073155, -9.999852701808804, 46.25346901017576, 1.0, 0.8135262680313727, 0.6157430463384452, 1102.670517050327, 30.693451977740988, 3.21, 0.99
2.6004124229657464, 20.583591116626096, -2.7127197656527464, 20.92050209205021, 0.9141135453115116, 0.9050561132795171, 1.0, 138.45267424968313, 5.16432091586052, 3.74, 0.393
27.69256843585481, 41.706928439708946, -27.508284668516744, 57.11022272986864, 1.0, 0.9402068436335366, 0.9405731966184739, 874.1477614145296, 16.28743803487049, 3.92, 0.549
-2.7851937047653337, 14.498502101178676, 2.3919886499419114, 14.961101137043686, 0.799861497077542, 0.8292020199252216, 1.0, 232.3187484849563, 5.334756429307388, 2.45, 0.257
78.62509449728259, 40.12022343762377, -84.3865479588543, 122.1001221001221, 1.0, 0.8103455575074436, 0.6084608655828139, 4587.640080770656, 63.37325429965488, 3.77, 1.002
-53.21266121676854, 168.81063684840927, 44.363679893948685, 182.4817518248175, 0.55, 0.647, 1.0, 16849.849451496557, 14.721156721085173, 3.23, -0.201
98.77777237684768, 110.09033011862073, -115.44941924966527, 187.6172607879925, 1.0, 0.8577804889433068, 0.7184529381662851, 24138.080084538076, 120.78827181302817, 2.9, 0.828
-0.4737935763387213, 38.04290024154939, -3.046124724635529, 38.16793893129771, 0.9999999999861902, 0.8417871939608073, 0.6809648377508352, 369.4490543437586, 15.912159217995136, 3.98, 0.885
24.452889656336993, 17.801265270153415, -30.005552772655395, 42.58943781942078, 0.8512585734261923, 0.8635314842807416, 1.0, 600.8429320286098, 9.563673987040355, 3.69, 0.32
12.080661942811275, -12.389185269232268, -12.234934070735127, 21.17746717492588, 1.0, 0.8087258764900832, 0.6048653929813625, 143.18752303942907, 11.264056616632624, 3.73, 1.008
72.48980546718121, 160.1360427265704, -107.78694089002762, 206.18556701030928, 1.0, 0.6846233632576635, 0.3732923190773849, 47062.35599876404, 321.66546285381435, 2.38, 1.52
6.51032651132391, 5.010014047073815, -8.523367779760175, 11.823126034523527, 0.7419421587385426, 0.7891027429821985, 0.9999999992782914, 100.37412682266621, 3.0390718359475684, 2.85, 0.18
38.44293217297127, 4.123472630659297, -48.77989661868118, 62.22775357809583, 0.5731788872472738, 0.6641635108357333, 1.0, 2421.7281408534527, 8.079495751445206, 3.0, -0.084
86.13603629043882, 149.40763104936562, -156.03146754505727, 232.55813953488374, 0.9999999999995218, 0.8188505669944907, 0.6285070764530004, 35417.68986642868, 170.25156951353966, 2.95, 0.969
1.4577930221403221, 10.62068801552092, -4.833826726182695, 11.75640724194686, 0.9521475312857779, 0.9300949481871846, 0.9999976450583505, 42.531077469856015, 3.052106212691675, 3.77, 0.435
18.61606744526216, -3.2894498255551774, -24.70793620321613, 31.09452736318408, 0.5806929886582595, 0.6701663501512333, 1.0, 1947.7134430137485, 7.534461402063765, 1.73, -0.07
8.851911799814843, 21.333128064345125, -18.54420397140668, 29.61208172934557, 0.6762704408541387, 0.7426072987995888, 0.9999999999984129, 339.6995883797666, 4.608395712832027, 3.52, 0.086
-50.27215673576393, 216.86258622546075, 6.601432823971624, 222.71714922048997, 0.9999999999999999, 0.676251779736864, 0.3599562425793393, 21660.29962520392, 224.78765145488978, 3.39, 1.558
35.30583952184952, -20.25339333998652, -45.322741536220065, 60.90133982947624, 1.0, 0.7133160610567796, 0.42085691560233524, 2614.633590625104, 68.25103358935525, 2.87, 1.39
15.666940539112147, 29.80730070188234, -34.74854943258576, 48.37929366231253, 0.5880717133449523, 0.6761358449559103, 0.9999999999999998, 662.9429990519906, 4.554331710516498, 3.86, -0.057
9.100042418434896, 19.904526037532708, -22.964684453519457, 31.71582619727244, 0.9256083200791011, 0.9125803537285082, 0.9999875810202221, 345.7078175292373, 8.326460914286704, 3.65, 0.406
48.846430913268705, -5.348184129409823, -76.20755875307722, 90.66183136899366, 0.999999999999955, 0.8048888291797739, 0.5966782391338055, 2103.808071599566, 43.78747339775407, 3.97, 1.022
-6.0705128882982535, 30.579313107610417, -3.590854774842331, 31.387319522912744, 0.641483935589693, 0.7160651407721269, 1.0, 305.9606669626096, 3.8612722837815245, 3.76, 0.031
9.291915329792573, 47.58758425139623, -41.68600934213363, 63.9386189258312, 0.5720491898863869, 0.6633864398644201, 1.0, 1752.6033781038375, 6.834480110999755, 3.41, -0.086
26.800717122636343, -6.570837987198942, -44.28479626658719, 52.16484089723526, 0.9999999999999999, 0.6653200423180559, 0.3431590606041832, 4007.8634469629983, 100.62031289086688, 2.07, 1.61
-2.645288361405619, 59.67004944102881, -27.785131694617615, 65.87615283267458, 1.0, 0.8509054533900827, 0.7026173431999827, 2894.76690470357, 42.961880190735116, 2.93, 0.852
1.2106146400437865, 103.74723446621803, -62.385371901918916, 121.06537530266344, 1.0, 0.7916773953198879, 0.5703847498666226, 3751.4317287735075, 61.30864873440409, 3.97, 1.07
20.310593713558774, -8.103757897243414, -33.20549690816313, 39.7456279809221, 0.6742990657562967, 0.7412210119930696, 0.9999999999998186, 629.1234426651305, 6.230497079981329, 3.49, 0.083
-12.603946619837188, 32.817763868689006, 3.837339999923934, 35.373187124159884, 0.9999999999999645, 0.7962970456536003, 0.5795232616742892, 493.74819947550935, 21.875099880683273, 3.5, 1.053
-0.3853173127026821, 30.806952198903918, -18.189002753399134, 35.77817531305904, 1.0, 0.8280219798431151, 0.6502808849174285, 500.48782531457334, 19.493879054055718, 3.51, 0.933
31.306085747541147, 59.787801244014226, -99.29018898570426, 120.04801920768307, 0.9999999999999998, 0.6620264766212538, 0.3381227337245559, 4601.157917861062, 109.12114841966961, 3.73, 1.626
15.456979126452097, 18.24539080854301, -42.69117628478827, 48.92367906066536, 0.6637681649453165, 0.7323998815954074, 1.0, 1167.3346018688023, 8.173314800277035, 3.27, 0.066
3.0624978684691087, 1.1410163567032732, -6.969967698931416, 7.687576875768757, 0.7168424019945149, 0.7711787366696204, 0.9999999999749649, 199.4050190671495, 3.996529895777628, 1.17, 0.145
-43.25855448250786, 199.37855868714556, -58.75298259958353, 212.31422505307856, 0.5644466839058004, 0.6581089910554506, 0.9999999999999998, 15926.315969400957, 19.848659782292795, 3.62, -0.099
-5.398414077618327, 53.1364453184479, -29.643750849421995, 61.08735491753207, 1.0, 0.656039019791889, 0.3288463014360506, 3908.947009401012, 102.78461381874823, 2.44, 1.655
0.9345670109132698, 32.5946096899565, -27.73645085052762, 42.80821917808219, 0.6203596068031649, 0.7007099427758605, 1.0, 1833.2068231874462, 8.728561430852354, 2.49, -0.002
21.565538959457626, 19.381001000131192, -65.51162590735557, 71.63323782234957, 1.0, 0.7586003190315136, 0.5031885071807916, 1715.4825522962324, 46.9436214589371, 3.68, 1.202
24.74236013278005, -6.999790328226105, -50.57137613052785, 56.72149744753262, 1.0, 0.8114151545039077, 0.6108779009454361, 894.6486631212779, 27.872680735770125, 3.88, 0.998
3.17589037707603, 24.47824633391321, -31.6415391925662, 40.12841091492776, 1.0, 0.832930525855621, 0.6608837497469099, 528.5195614151302, 19.675446254149538, 3.7, 0.916
10.286520090243357, -7.4056122043800094, -18.029291084633563, 22.026431718061676, 0.9292128008982401, 0.9148894796700971, 0.9999877701849291, 121.91171371180246, 4.975058419530753, 3.99, 0.41
12.190739276668864, 13.329569788484763, -46.25712062871125, 49.65243296921549, 1.0, 0.7884845240293719, 0.5639886015488397, 636.851548986853, 25.55661212983497, 3.96, 1.082
-8.49611755740807, 23.49437102698084, -6.457092530260233, 25.813113061435207, 1.0, 0.8150817478971674, 0.6194035800151683, 197.62319173343678, 12.914693063778905, 3.81, 0.984
-6.411970941652726, 11.636173788449975, 3.6597172404471934, 13.793103448275861, 0.9999999999999065, 0.802393933484192, 0.5915856444864316, 98.05757047894214, 9.538647518424238, 3.21, 1.031